9.528360961010894359e-01
2.803917644179870217e-01
1.909844050897616108e-01
1.478066897466546736e-01
1.431236571612016506e-01
1.412205406438524491e-01
1.400981476745130072e-01
1.389028483833479322e-01
1.395603837996628460e-01
1.388153933290380559e-01
1.380560412956546856e-01
1.379283165263238409e-01
1.380184929690257134e-01
1.377754040596269880e-01
1.376518363893217689e-01
1.367963756727652302e-01
1.356693301988168010e-01
1.345993202423380886e-01
1.322441465015352091e-01
1.255471802946191706e-01
1.129363162495265471e-01
9.620768333149846974e-02
9.417974540377703485e-02
1.072372840572369118e-01
8.544898515921144078e-02
6.957431300035518684e-02
6.120394174926377384e-02
5.604731850906324864e-02
5.266408794022794937e-02
4.984880125039834603e-02
4.735582008540073495e-02
4.450101050261025259e-02
4.238690078444198872e-02
4.091527751673047775e-02
3.956943936065721035e-02
3.844496134285614597e-02
3.721274635130742553e-02
3.727478513093752249e-02
3.724120636224004244e-02
3.546055677895233738e-02
3.511082141941581497e-02
3.479216329033872623e-02
3.333380901924917761e-02
3.167286153151609857e-02
3.139558740865404374e-02
3.112985486182097070e-02
3.057159998706568058e-02
2.956937685191074125e-02
2.967990911638253987e-02
2.939751920670363727e-02
2.853197119317693597e-02
2.805483211238064822e-02
2.771478148635674044e-02
2.890308772292092543e-02
2.880339013453213359e-02
2.636668726662608903e-02
2.737116238038487734e-02
2.610913689634138807e-02
2.576640628951360965e-02
2.525732988880430643e-02
2.476865963029712889e-02
2.551026730522559793e-02
2.442549080863548605e-02
2.463532645382985123e-02
2.490053555675756161e-02
2.556032945062512718e-02
2.534078836812408628e-02
2.341147041023705980e-02
2.315350512849207593e-02
2.425626365937919374e-02
2.346850889865483014e-02
2.303357659099258131e-02
2.318840661895609292e-02
2.337450671047436312e-02
2.264038424625575141e-02
2.305820036528637845e-02
2.462004445423589608e-02
2.308298401372083780e-02
2.167183624992489316e-02
2.176998365333890004e-02
2.147191530818879854e-02
2.032248262675751677e-02
2.159427556664772832e-02
2.223412585778399703e-02
2.110980511454407099e-02
2.115696269403737062e-02
1.971374985956328776e-02
1.965027759751055564e-02
1.924827926998197783e-02
1.952697081357890677e-02
2.057459959731295154e-02
2.133537499332725101e-02
1.921195265288664841e-02
1.996387768757306239e-02
2.098887490334911884e-02
2.019024517305914937e-02
1.902952214639134706e-02
1.791885866554355361e-02
1.787912910601060362e-02
1.796370410473547077e-02
1.823644483943594533e-02
1.888949653812658017e-02
1.763748259187858727e-02
1.759208297803765975e-02
1.780392624136072077e-02
1.656829094589684984e-02
1.658226127193724100e-02
1.701168432785343104e-02
1.710903431024878366e-02
1.694388190905253208e-02
1.578604766512957044e-02
1.632607131732215916e-02
1.589075371483775895e-02
1.634997352261409465e-02
1.681735916672465886e-02
1.586981623714957962e-02
1.537994506574494151e-02
1.474594419990373113e-02
1.582337651297310854e-02
1.556797970863888977e-02
1.480616596628943696e-02
1.538108804515589054e-02
1.461530873708635769e-02
1.697612421534885896e-02
1.842844421247084169e-02
1.881273355439444517e-02
1.660125872056432070e-02
1.796894597115917744e-02
1.876844461090468319e-02
1.839620107059538115e-02
1.639188050852386294e-02
1.460350358226217629e-02
1.471711059225682544e-02
1.571593106350051977e-02
1.602546355434667294e-02
1.520756490505372968e-02
1.466269470820917228e-02
1.519954724475230771e-02
1.475429757733211396e-02
1.440702866171007963e-02
1.399263033985720210e-02
1.354191579922708714e-02
1.432690664986583685e-02
1.372139058380483431e-02
1.290200302534014187e-02
1.304712947283949778e-02
1.378159276050199174e-02
1.379000295731137513e-02
1.360705188501661056e-02
1.331794772564065012e-02
1.302467337649930619e-02
1.279804240506014767e-02
1.397601252775697300e-02
1.593144428321505504e-02
1.774177939349617233e-02
1.543085588101657420e-02
1.439302240576699476e-02
1.518031239880951108e-02
1.372401727322848826e-02
1.352358022211496737e-02
1.372510779683835079e-02
1.309972244816777140e-02
1.260910589375599869e-02
1.270055380937095031e-02
1.282989923085007741e-02
1.202888865708562002e-02
1.161545496491999709e-02
1.214473891852429349e-02
1.262833656180313395e-02
1.228653056970637966e-02
1.305803396620111752e-02
1.170549660085517737e-02
1.384783459601001201e-02
1.419937452794606779e-02
1.275946585188773505e-02
1.261016067314742195e-02
1.179319480869257634e-02
1.193549662735603374e-02
1.158671271392489564e-02
1.142743355202897708e-02
1.132644141945883531e-02
1.174445909874461541e-02
1.164510307653670793e-02
1.161653406894838300e-02
1.243496423941163609e-02
1.161207189069730049e-02
1.196845827444320207e-02
1.122217130995242437e-02
1.119824668328710075e-02
1.212785836320799844e-02
1.470159667303257665e-02
1.251617436097047023e-02
1.188255298731854398e-02
1.376592630166502407e-02
1.360127385531630442e-02
1.196983001685216798e-02
1.130692294082166240e-02
1.178329913787009957e-02
1.075880020578330945e-02
1.065451533437889245e-02
1.084424044669974295e-02
1.075596225410235633e-02
1.121870467781649165e-02
1.244758956157529864e-02
