2.993763124327099012e-01
2.170062765157916018e-01
1.467789955961359971e-01
1.402031618097343280e-01
1.394439598756769261e-01
1.389747346596487132e-01
1.385929761935463245e-01
1.379939839819574188e-01
1.384931050843948297e-01
1.309974855792963577e-01
1.109302496706484342e-01
8.718093540087712423e-02
7.067338215136441393e-02
7.350399010353041163e-02
6.502776729619420826e-02
4.981236643983174422e-02
4.169326955198805057e-02
3.886133725684849660e-02
3.517250211901080947e-02
2.820463139819827381e-02
2.784817133457886604e-02
2.565832577279157992e-02
2.178633213043212891e-02
2.042615563949951030e-02
2.317356476700369039e-02
2.390196304972843841e-02
1.950926706043381448e-02
1.671308068154836457e-02
1.705132060634648866e-02
1.577889890193745134e-02
1.467593201489504791e-02
1.616934207262378173e-02
1.536383363181568346e-02
1.439753617150553791e-02
1.380425405579885356e-02
1.295690153031971679e-02
1.283622966058955289e-02
1.353164694085262632e-02
1.381180605397761517e-02
1.783444121292132936e-02
1.770469724477525056e-02
1.282921698870044189e-02
1.195319705302272210e-02
1.071836932396782148e-02
1.007446264920073761e-02
9.953368117335173459e-03
1.033412606651194429e-02
9.071916753851140547e-03
1.028460906549603406e-02
1.143704661997220658e-02
1.071306436514650809e-02
1.087135503135982194e-02
1.069533783713701863e-02
1.192247496721656266e-02
1.045652165942291024e-02
8.794760500429703309e-03
8.558423599609276192e-03
8.517724401633784345e-03
7.654928964732768577e-03
8.306186450793036705e-03
7.789730407591513410e-03
7.362855358209101884e-03
8.131773794700867738e-03
7.084204286227821154e-03
8.474984877765930763e-03
8.098243261168961218e-03
8.306091759640202993e-03
7.752092946782835649e-03
9.005055164796349834e-03
9.601357786477993442e-03
6.913272090537997058e-03
6.918006720897772015e-03
7.113412052889867346e-03
7.080443703386540485e-03
7.267634647558645841e-03
8.485241276115457892e-03
8.231637850191691336e-03
1.121873308265534074e-02
1.236911150147731661e-02
9.929515436540147649e-03
9.041155872911202027e-03
6.630048089126301322e-03
6.345687709042773308e-03
6.908971333028631444e-03
6.897180133255674875e-03
7.135449894660369531e-03
7.995314438588351294e-03
7.816250196265320249e-03
6.200520342178779398e-03
5.958494009550822749e-03
7.076656129991392395e-03
6.712036847389534627e-03
7.048160407348297816e-03
5.991765872498458489e-03
5.793624823051722952e-03
8.847045529998865537e-03
9.281899372510378152e-03
6.374070064087813958e-03
6.911640416417193407e-03
6.904349876351839783e-03
7.373062211258133054e-03
8.862521916009780121e-03
7.702160482728515577e-03
6.230620760508502609e-03
6.220586188879862442e-03
5.596041509706637523e-03
5.541467324850665038e-03
5.255204116779403287e-03
6.401225845713885178e-03
7.633459330477720267e-03
6.395765936631601575e-03
6.062795411478750542e-03
5.826136660120165983e-03
8.180420856351724654e-03
6.914180231171926025e-03
7.042813429555159870e-03
6.067734076851701193e-03
7.220668684132169717e-03
7.055931262923430952e-03
6.792034522068602503e-03
5.366230456990989800e-03
5.644430155286753702e-03
5.067934843038533581e-03
6.663843789397337451e-03
7.101607848687499849e-03
5.550785792363567041e-03
4.961932333274894288e-03
5.759977419330803046e-03
5.183647116687831700e-03
7.689847542338858373e-03
6.030178411843670899e-03
7.190174084943016727e-03
1.462871059260265581e-02
1.031316633193460862e-02
6.563988241930229089e-03
6.027595972132517889e-03
5.753148082021097842e-03
6.285335485311773808e-03
5.643310695704816145e-03
6.150275074936307346e-03
6.539906147487185503e-03
5.097966506356095724e-03
5.785249509962654690e-03
7.591940077789046185e-03
5.576593209786743013e-03
4.880725937483028527e-03
6.844605685443885812e-03
5.146118817944117692e-03
4.791413431198629329e-03
5.041057365897614120e-03
4.722215613973678415e-03
5.650513065011581425e-03
6.421371706620907123e-03
4.984792593098500910e-03
5.709134814893390003e-03
5.134843129266224507e-03
5.897038312111506191e-03
5.280137607458889465e-03
5.876118887629437453e-03
5.139547351319016799e-03
5.815193499428996174e-03
7.654771396618346990e-03
9.085691013972222591e-03
8.958231389595271502e-03
7.499810009770588835e-03
8.110031830968774877e-03
5.465108927016629030e-03
7.352863314579346360e-03
5.054060195509424598e-03
5.913604076629055788e-03
7.693465646082136601e-03
5.612761800295941461e-03
4.745818932107814282e-03
4.735368352054628721e-03
6.159647529616788658e-03
6.603698436687417857e-03
5.505317047195931214e-03
4.862393352160273609e-03
4.453185201903192211e-03
4.351989549803219996e-03
4.794666944310257105e-03
7.275094669395561729e-03
6.924137491285922014e-03
8.191723620421326874e-03
5.468342521414615645e-03
7.762994355135402480e-03
7.155890918543979413e-03
6.125876141447709165e-03
5.081654758461126055e-03
5.013352537988986259e-03
5.011006274713933166e-03
8.820549823152869229e-03
7.751780852596659721e-03
6.528947267555618508e-03
4.751633814846223380e-03
4.418874402606617902e-03
6.228276000075244970e-03
5.558682123108965416e-03
4.664015653609453541e-03
4.251533847312803302e-03
4.931710948300293933e-03
4.557864253430795459e-03
4.813400891409893613e-03
6.159389077186972448e-03
5.787452579077883089e-03
5.372130868395153663e-03
6.564849370279269257e-03
5.121071959666577585e-03
4.971410647404295863e-03
4.564035594487587770e-03
