3.539384035345173318e-01
2.555954096842060208e-01
2.451558902317357846e-01
2.091680349882182044e-01
1.507782138612902556e-01
2.482683146227170623e-01
2.452495722051716287e-01
2.049060413287871751e-01
1.550757752754039487e-01
1.048827322145062108e-01
7.921708621846534903e-02
6.157799031540260593e-02
5.428009977373754458e-02
4.995572164112401653e-02
4.072551969019130857e-02
3.483796326291829781e-02
3.251054412983939157e-02
3.155940827918424230e-02
2.777156486874849881e-02
2.312256176302296753e-02
2.099606875117151703e-02
1.932292427719155964e-02
2.278954281344157742e-02
1.979952616749437733e-02
1.877544073959363721e-02
1.765773392426079128e-02
1.563799153994026303e-02
1.679620100265978924e-02
1.557065497444655271e-02
1.545382382758155385e-02
1.370071481584056450e-02
1.365325420423438296e-02
1.682104792710606769e-02
1.761153825854098326e-02
1.597928458524535550e-02
1.595493324707864327e-02
1.268626230428289078e-02
1.146785465538811659e-02
1.181733166634313381e-02
1.065487454627580752e-02
1.062031544783706254e-02
1.034685569061563615e-02
1.274817763622753362e-02
1.193290558906733717e-02
1.158031508765559534e-02
1.108418226861871032e-02
1.106835207038363647e-02
1.076380345499081646e-02
1.187661897061809135e-02
1.084408631461125302e-02
1.089394926714938421e-02
9.921448792700545208e-03
8.872177406654821116e-03
1.036126307329643913e-02
9.405655143992327355e-03
9.008167676330645218e-03
8.503431773888176295e-03
9.636688428693668262e-03
8.280567295423207561e-03
1.036945201030430377e-02
8.172851707947730027e-03
8.735702474774273418e-03
1.155235681624718243e-02
8.691189542696835593e-03
1.149219047258796811e-02
1.502641335620417268e-02
1.355089058702491946e-02
1.119302569580243358e-02
9.130269469793375961e-03
8.085734406211761080e-03
7.675131734467048779e-03
8.324439542132399186e-03
8.623170855243656591e-03
8.152070217983767297e-03
9.041358928230028638e-03
7.696566215524227109e-03
7.929971470679938669e-03
8.089496704073464300e-03
7.545519161782190606e-03
6.979133230044895671e-03
8.016772452012299252e-03
1.107075592209189573e-02
7.216118314857086248e-03
7.268135143731247610e-03
7.578533510814712722e-03
7.413929396113655423e-03
1.015951421169928974e-02
9.694233820797872395e-03
8.090762037338375054e-03
7.053083341497689424e-03
7.359192653379986043e-03
7.180682178489876388e-03
8.560178933771684859e-03
1.023586914330669277e-02
8.575556376881161499e-03
1.092450732633187468e-02
8.150122762759389600e-03
8.537944399814671390e-03
6.880045182473531508e-03
1.045674312879142642e-02
1.268955579663479973e-02
9.448426150986392880e-03
8.688576945605682236e-03
7.362979653079960302e-03
6.336264402655629631e-03
6.331462613218164989e-03
6.911036718242916273e-03
8.906945302126932293e-03
9.076865205938316680e-03
7.348725297835298487e-03
8.763452788469489052e-03
6.627052686656574945e-03
6.231215257888443257e-03
5.515638603288131915e-03
7.282571244074526051e-03
8.730553774941111553e-03
5.659758863870564469e-03
6.032705397395162102e-03
6.831240044516128339e-03
7.645632445399021780e-03
6.887116054624990713e-03
6.830331887178239109e-03
5.493877587946490414e-03
6.343124747482908367e-03
6.744439295610893913e-03
5.650735590962024588e-03
1.137765291658596536e-02
8.562101725895648191e-03
8.603679671547855012e-03
7.480406523577261615e-03
5.681029703319588967e-03
