5.868000164628028870e-02,2.872099876403808594e-01,1.427100002765655518e-01
5.900000035762786865e-02,2.879300117492675781e-01,1.436299979686737061e-01
5.902799963951110840e-02,2.890399992465972900e-01,1.437499970197677612e-01
5.964199826121330261e-02,2.899000048637390137e-01,1.442900002002716064e-01
5.938300117850303650e-02,2.910900115966796875e-01,1.445800065994262695e-01
6.025199964642524719e-02,2.917500138282775879e-01,1.448999941349029541e-01
6.005400046706199646e-02,2.927399873733520508e-01,1.455599963665008545e-01
6.046300008893013000e-02,2.937900125980377197e-01,1.458400040864944458e-01
6.025199964642524719e-02,2.950899899005889893e-01,1.460199952125549316e-01
6.050600111484527588e-02,2.964299917221069336e-01,1.460500061511993408e-01
6.092499941587448120e-02,2.970199882984161377e-01,1.472399979829788208e-01
6.115199998021125793e-02,2.981899976730346680e-01,1.480599939823150635e-01
6.122599914669990540e-02,2.995400130748748779e-01,1.486500054597854614e-01
6.133100017905235291e-02,3.009800016880035400e-01,1.492999941110610962e-01
6.158500164747238159e-02,3.024199903011322021e-01,1.501799970865249634e-01
6.186100095510482788e-02,3.042399883270263672e-01,1.509300023317337036e-01
6.196799874305725098e-02,3.062100112438201904e-01,1.516499966382980347e-01
6.225100159645080566e-02,3.079299926757812500e-01,1.526100039482116699e-01
6.245800107717514038e-02,3.095499873161315918e-01,1.538800001144409180e-01
6.293600052595138550e-02,3.109700083732604980e-01,1.549299955368041992e-01
6.305500119924545288e-02,3.126499950885772705e-01,1.558700054883956909e-01
6.295599788427352905e-02,3.145900070667266846e-01,1.567600071430206299e-01
6.362300366163253784e-02,3.157700002193450928e-01,1.583099961280822754e-01
6.327199935913085938e-02,3.180100023746490479e-01,1.586900055408477783e-01
6.396199762821197510e-02,3.193700015544891357e-01,1.597499996423721313e-01
6.456899642944335938e-02,3.211799860000610352e-01,1.606999933719635010e-01
6.460600346326828003e-02,3.229199945926666260e-01,1.615500003099441528e-01
6.468799710273742676e-02,3.246400058269500732e-01,1.625500023365020752e-01
6.537900120019912720e-02,3.264499902725219727e-01,1.635700017213821411e-01
6.548999994993209839e-02,3.280200064182281494e-01,1.645099967718124390e-01
6.578899919986724854e-02,3.297199904918670654e-01,1.654099971055984497e-01
6.622400134801864624e-02,3.315899968147277832e-01,1.663500070571899414e-01
6.641200184822082520e-02,3.334000110626220703e-01,1.671999990940093994e-01
6.720499694347381592e-02,3.351700007915496826e-01,1.682399958372116089e-01
6.769800186157226562e-02,3.370499908924102783e-01,1.694999933242797852e-01
6.818000227212905884e-02,3.390899896621704102e-01,1.699800044298171997e-01
6.832800060510635376e-02,3.407300114631652832e-01,1.711000055074691772e-01
6.840699911117553711e-02,3.429999947547912598e-01,1.718499958515167236e-01
6.866899877786636353e-02,3.448500037193298340e-01,1.723600029945373535e-01
6.887099891901016235e-02,3.467999994754791260e-01,1.730400025844573975e-01
6.952899694442749023e-02,3.481999933719635010e-01,1.747899949550628662e-01
6.988199800252914429e-02,3.502700030803680420e-01,1.750800013542175293e-01
7.056400179862976074e-02,3.519200086593627930e-01,1.760199964046478271e-01
7.020899653434753418e-02,3.541299998760223389e-01,1.765699982643127441e-01
7.078500092029571533e-02,3.558999896049499512e-01,1.774200052022933960e-01
7.097800076007843018e-02,3.579699993133544922e-01,1.775099933147430420e-01
7.160499691963195801e-02,3.589800000190734863e-01,1.794500052928924561e-01
7.218699902296066284e-02,3.611299991607666016e-01,1.794700026512145996e-01
7.198099792003631592e-02,3.630099892616271973e-01,1.804500073194503784e-01
7.210099697113037109e-02,3.646200001239776611e-01,1.812299937009811401e-01
7.257699966430664062e-02,3.664300143718719482e-01,1.818400025367736816e-01
7.242000102996826172e-02,3.681699931621551514e-01,1.827899962663650513e-01
7.215099781751632690e-02,3.707999885082244873e-01,1.826499998569488525e-01
7.212699949741363525e-02,3.721300065517425537e-01,1.841800063848495483e-01
7.259999960660934448e-02,3.737800121307373047e-01,1.855199933052062988e-01
7.248599827289581299e-02,3.760800063610076904e-01,1.852699965238571167e-01
7.254900038242340088e-02,3.777300119400024414e-01,1.865700036287307739e-01
7.262700051069259644e-02,3.793100118637084961e-01,1.873199939727783203e-01
7.260599732398986816e-02,3.811500072479248047e-01,1.880100071430206299e-01
7.284399867057800293e-02,3.833200037479400635e-01,1.885399967432022095e-01
7.304900139570236206e-02,3.846000134944915771e-01,1.895200014114379883e-01
7.346499711275100708e-02,3.864299952983856201e-01,1.899099946022033691e-01
7.298500090837478638e-02,3.885099887847900391e-01,1.902599930763244629e-01
7.329899817705154419e-02,3.901799917221069336e-01,1.912299990653991699e-01
7.291900366544723511e-02,3.919700086116790771e-01,1.917700022459030151e-01
7.337599992752075195e-02,3.930099904537200928e-01,1.934899985790252686e-01
7.319699972867965698e-02,3.954299986362457275e-01,1.927399933338165283e-01
7.353399693965911865e-02,3.967899978160858154e-01,1.938299983739852905e-01
7.416900247335433960e-02,3.983600139617919922e-01,1.945499926805496216e-01
7.482200115919113159e-02,3.996300101280212402e-01,1.953299939632415771e-01
7.490400224924087524e-02,4.012500047683715820e-01,1.959300041198730469e-01
7.531300187110900879e-02,4.027900099754333496e-01,1.966499984264373779e-01
7.566200196743011475e-02,4.043500125408172607e-01,1.972299963235855103e-01
7.576700299978256226e-02,4.058099985122680664e-01,1.980199962854385376e-01
7.603599876165390015e-02,4.074000120162963867e-01,1.985899955034255981e-01
7.592500001192092896e-02,4.091399908065795898e-01,1.991100013256072998e-01
7.681100070476531982e-02,4.105899930000305176e-01,1.998199969530105591e-01
7.641699910163879395e-02,4.125599861145019531e-01,2.002499997615814209e-01
7.699099928140640259e-02,4.138000011444091797e-01,2.009799927473068237e-01
7.681000232696533203e-02,4.154999852180480957e-01,2.018799930810928345e-01
7.728700339794158936e-02,4.171699881553649902e-01,2.022799998521804810e-01
7.750400155782699585e-02,4.182699918746948242e-01,2.037200033664703369e-01
7.699000090360641479e-02,4.204300045967102051e-01,2.034700065851211548e-01
7.707100361585617065e-02,4.215700030326843262e-01,2.046100050210952759e-01
7.734499871730804443e-02,4.240100085735321045e-01,2.037599980831146240e-01
7.766900211572647095e-02,4.248400032520294189e-01,2.052399963140487671e-01
7.809600234031677246e-02,4.264000058174133301e-01,2.055000066757202148e-01
7.804699987173080444e-02,4.278599917888641357e-01,2.063100039958953857e-01
7.843200117349624634e-02,4.291599988937377930e-01,2.073000073432922363e-01
7.881700247526168823e-02,4.308100044727325439e-01,2.075300067663192749e-01
7.902400195598602295e-02,4.323500096797943115e-01,2.081799954175949097e-01
7.968699932098388672e-02,4.340400099754333496e-01,2.088000029325485229e-01
8.037699759006500244e-02,4.356400072574615479e-01,2.094099968671798706e-01
8.068200200796127319e-02,4.375500082969665527e-01,2.100200057029724121e-01
8.103899657726287842e-02,4.394899904727935791e-01,2.103900015354156494e-01
8.129800111055374146e-02,4.411000013351440430e-01,2.112500071525573730e-01
8.156300336122512817e-02,4.427599906921386719e-01,2.123599946498870850e-01
8.194500207901000977e-02,4.445999860763549805e-01,2.127300053834915161e-01
8.279299736022949219e-02,4.461799860000610352e-01,2.132599949836730957e-01
8.314800262451171875e-02,4.477399885654449463e-01,2.137999981641769409e-01
8.345200121402740479e-02,4.501799941062927246e-01,2.132800072431564331e-01
8.420500159263610840e-02,4.510500133037567139e-01,2.149699926376342773e-01
8.423999696969985962e-02,4.528799951076507568e-01,2.150799930095672607e-01
8.471100032329559326e-02,4.542900025844573975e-01,2.161500006914138794e-01
8.432400226593017578e-02,4.563899934291839600e-01,2.160400003194808960e-01
8.431500196456909180e-02,4.575499892234802246e-01,2.176200002431869507e-01
8.504799753427505493e-02,4.595899879932403564e-01,2.171500027179718018e-01
8.496499806642532349e-02,4.615100026130676270e-01,2.177399992942810059e-01
8.477000147104263306e-02,4.630700051784515381e-01,2.188999950885772705e-01
8.510199934244155884e-02,4.641000032424926758e-01,2.206099927425384521e-01
8.545599877834320068e-02,4.659000039100646973e-01,2.208800017833709717e-01
8.565600216388702393e-02,4.674600064754486084e-01,2.216199934482574463e-01
8.451899886131286621e-02,4.690699875354766846e-01,2.223300039768218994e-01
8.487900346517562866e-02,4.703800082206726074e-01,2.238599956035614014e-01
8.491899818181991577e-02,4.718300104141235352e-01,2.247499972581863403e-01
8.505500108003616333e-02,4.736900031566619873e-01,2.244700044393539429e-01
8.438800275325775146e-02,4.759500026702880859e-01,2.243299931287765503e-01
8.489099889993667603e-02,4.771299958229064941e-01,2.261999994516372681e-01
8.513200283050537109e-02,4.784600138664245605e-01,2.267300039529800415e-01
8.472699671983718872e-02,4.806599915027618408e-01,2.261999994516372681e-01
8.537299931049346924e-02,4.818100035190582275e-01,2.283699959516525269e-01
8.511800318956375122e-02,4.837400019168853760e-01,2.286099940538406372e-01
8.550900220870971680e-02,4.852800071239471436e-01,2.301100045442581177e-01
8.605399727821350098e-02,4.864200055599212646e-01,2.311899960041046143e-01
8.630400151014328003e-02,4.882900118827819824e-01,2.314600050449371338e-01
8.607199788093566895e-02,4.899699985980987549e-01,2.320600003004074097e-01
8.554500341415405273e-02,4.918099939823150635e-01,2.327399998903274536e-01
8.643800020217895508e-02,4.933399856090545654e-01,2.337100058794021606e-01
8.637399971485137939e-02,4.950700104236602783e-01,2.340500056743621826e-01
8.699700236320495605e-02,4.963800013065338135e-01,2.353300005197525024e-01
8.693599700927734375e-02,4.979600012302398682e-01,2.361200004816055298e-01
8.670700341463088989e-02,4.998500049114227295e-01,2.365099936723709106e-01
8.717600256204605103e-02,5.019000172615051270e-01,2.367099970579147339e-01
8.668799698352813721e-02,5.041099786758422852e-01,2.364400029182434082e-01
8.715800195932388306e-02,5.051100254058837891e-01,2.386900037527084351e-01
8.753299713134765625e-02,5.069500207901000977e-01,2.390100061893463135e-01
8.731800317764282227e-02,5.094599723815917969e-01,2.390300035476684570e-01
8.726400136947631836e-02,5.111500024795532227e-01,2.395299971103668213e-01
8.790700137615203857e-02,5.122799873352050781e-01,2.414299994707107544e-01
8.773600310087203979e-02,5.142800211906433105e-01,2.416500002145767212e-01
8.761399984359741211e-02,5.160300135612487793e-01,2.426799982786178589e-01
8.784300088882446289e-02,5.177000164985656738e-01,2.431299984455108643e-01
8.755200356245040894e-02,5.190899968147277832e-01,2.439499944448471069e-01
8.699700236320495605e-02,5.211099982261657715e-01,2.448499947786331177e-01
8.859000355005264282e-02,5.222499966621398926e-01,2.451400011777877808e-01
8.862999826669692993e-02,5.239499807357788086e-01,2.457599937915802002e-01
8.868099749088287354e-02,5.256699919700622559e-01,2.460500001907348633e-01
8.917199820280075073e-02,5.264199972152709961e-01,2.472900003194808960e-01
8.850999921560287476e-02,5.281500220298767090e-01,2.471899986267089844e-01
8.676400035619735718e-02,5.300700068473815918e-01,2.467799931764602661e-01
8.722999691963195801e-02,5.308099985122680664e-01,2.483700066804885864e-01
8.635400235652923584e-02,5.324400067329406738e-01,2.483499944210052490e-01
8.633200079202651978e-02,5.336300134658813477e-01,2.490299940109252930e-01
8.646100014448165894e-02,5.344700217247009277e-01,2.499299943447113037e-01
8.727700263261795044e-02,5.354200005531311035e-01,2.501499950885772705e-01
8.602800220251083374e-02,5.373299717903137207e-01,2.495899945497512817e-01
8.704899996519088745e-02,5.380300283432006836e-01,2.507700026035308838e-01
8.752299845218658447e-02,5.388100147247314453e-01,2.520000040531158447e-01
8.804699778556823730e-02,5.402200222015380859e-01,2.518900036811828613e-01
8.792799711227416992e-02,5.413399934768676758e-01,2.522400021553039551e-01
8.871900290250778198e-02,5.416100025177001953e-01,2.537600100040435791e-01
8.789300173521041870e-02,5.434499979019165039e-01,2.530499994754791260e-01
8.846099674701690674e-02,5.440300107002258301e-01,2.546499967575073242e-01
8.925700187683105469e-02,5.450299978256225586e-01,2.550700008869171143e-01
8.917599916458129883e-02,5.467900037765502930e-01,2.546899914741516113e-01
8.986800163984298706e-02,5.473899841308593750e-01,2.556700110435485840e-01
8.985400199890136719e-02,5.485200285911560059e-01,2.561900019645690918e-01
9.017100185155868530e-02,5.502399802207946777e-01,2.559100091457366943e-01
9.157499670982360840e-02,5.507299900054931641e-01,2.573800086975097656e-01
9.155199676752090454e-02,5.526800155639648438e-01,2.563900053501129150e-01
9.154400229454040527e-02,5.530099868774414062e-01,2.587499916553497314e-01
9.248899668455123901e-02,5.544000267982482910e-01,2.587200105190277100e-01
9.201300144195556641e-02,5.560399889945983887e-01,2.586100101470947266e-01
9.260699898004531860e-02,5.565500259399414062e-01,2.605400085449218750e-01
9.275600314140319824e-02,5.578799843788146973e-01,2.612499892711639404e-01
9.299100190401077271e-02,5.592799782752990723e-01,2.615199983119964600e-01
9.261099994182586670e-02,5.603600144386291504e-01,2.627399861812591553e-01
9.273000061511993408e-02,5.617799758911132812e-01,2.628600001335144043e-01
9.232799708843231201e-02,5.627400279045104980e-01,2.646200060844421387e-01
9.027399867773056030e-02,5.643699765205383301e-01,2.655000090599060059e-01
9.020400047302246094e-02,5.654600262641906738e-01,2.670600116252899170e-01
9.049899876117706299e-02,5.667499899864196777e-01,2.675000131130218506e-01
9.108500182628631592e-02,5.677499771118164062e-01,2.689200043678283691e-01
9.043700248003005981e-02,5.691099762916564941e-01,2.698299884796142578e-01
9.042099863290786743e-02,5.694800019264221191e-01,2.723200023174285889e-01
8.975200355052947998e-02,5.717700123786926270e-01,2.714200019836425781e-01
8.939000219106674194e-02,5.722799897193908691e-01,2.737900018692016602e-01
8.890700340270996094e-02,5.738400220870971680e-01,2.742899954319000244e-01
8.914999663829803467e-02,5.737100243568420410e-01,2.773000001907348633e-01
8.822900056838989258e-02,5.752699971199035645e-01,2.777799963951110840e-01
8.809400349855422974e-02,5.759699940681457520e-01,2.792100012302398682e-01
8.779499679803848267e-02,5.776200294494628906e-01,2.791000008583068848e-01
8.742199838161468506e-02,5.778899788856506348e-01,2.813999950885772705e-01
8.706100285053253174e-02,5.785199999809265137e-01,2.831799983978271484e-01
8.632700145244598389e-02,5.799300074577331543e-01,2.836799919605255127e-01
8.579000085592269897e-02,5.808100104331970215e-01,2.844899892807006836e-01
8.722499758005142212e-02,5.806999802589416504e-01,2.868900001049041748e-01
8.619599789381027222e-02,5.812500119209289551e-01,2.884399890899658203e-01
8.626200258731842041e-02,5.818600058555603027e-01,2.897399961948394775e-01
8.680900186300277710e-02,5.822299718856811523e-01,2.911500036716461182e-01
8.653499931097030640e-02,5.828499794006347656e-01,2.921899855136871338e-01
8.612500131130218506e-02,5.832200050354003906e-01,2.936399877071380615e-01
8.579400181770324707e-02,5.835899710655212402e-01,2.946999967098236084e-01
8.493900299072265625e-02,5.838299989700317383e-01,2.968899905681610107e-01
8.488100022077560425e-02,5.845699906349182129e-01,2.971900105476379395e-01
8.526699990034103394e-02,5.848699808120727539e-01,2.983900010585784912e-01
8.504100143909454346e-02,5.849999785423278809e-01,3.000299930572509766e-01
8.437400311231613159e-02,5.859500169754028320e-01,2.995899915695190430e-01
8.488299697637557983e-02,5.855699777603149414e-01,3.020899891853332520e-01
8.311299979686737061e-02,5.853999853134155273e-01,3.037300109863281250e-01
8.311600238084793091e-02,5.856500267982482910e-01,3.047200143337249756e-01
8.391200006008148193e-02,5.856900215148925781e-01,3.057399988174438477e-01
8.374200016260147095e-02,5.856900215148925781e-01,3.069599866867065430e-01
8.335000276565551758e-02,5.861700177192687988e-01,3.071799874305725098e-01
8.212999999523162842e-02,5.856299996376037598e-01,3.092499971389770508e-01
8.170100301504135132e-02,5.851299762725830078e-01,3.112500011920928955e-01
8.102499693632125854e-02,5.858700275421142578e-01,3.107399940490722656e-01
8.053900301456451416e-02,5.861399769783020020e-01,3.115200102329254150e-01
8.006700128316879272e-02,5.855299830436706543e-01,3.139500021934509277e-01
7.950799912214279175e-02,5.861099958419799805e-01,3.139300048351287842e-01
7.967399805784225464e-02,5.863199830055236816e-01,3.141300082206726074e-01
7.909700274467468262e-02,5.853800177574157715e-01,3.163200020790100098e-01
7.897900044918060303e-02,5.851699709892272949e-01,3.177500069141387939e-01
7.947099953889846802e-02,5.849699974060058594e-01,3.185099959373474121e-01
7.817900180816650391e-02,5.854200124740600586e-01,3.189300000667572021e-01
7.833500206470489502e-02,5.845100283622741699e-01,3.206099867820739746e-01
7.775899767875671387e-02,5.842300057411193848e-01,3.215000033378601074e-01
7.734099775552749634e-02,5.848199725151062012e-01,3.212299942970275879e-01
7.730700075626373291e-02,5.844399929046630859e-01,3.221299946308135986e-01
7.723200321197509766e-02,5.835499763488769531e-01,3.237200081348419189e-01
7.677300274372100830e-02,5.837500095367431641e-01,3.241899907588958740e-01
7.620800286531448364e-02,5.833100080490112305e-01,3.248600065708160400e-01
7.673899829387664795e-02,5.831199884414672852e-01,3.252899944782257080e-01
7.591100037097930908e-02,5.825799703598022461e-01,3.266899883747100830e-01
7.645200192928314209e-02,5.812199711799621582e-01,3.286600112915039062e-01
7.681600004434585571e-02,5.809000134468078613e-01,3.289799988269805908e-01
7.629399746656417847e-02,5.809699892997741699e-01,3.292199969291687012e-01
7.581900060176849365e-02,5.798100233078002930e-01,3.311699926853179932e-01
7.632099837064743042e-02,5.784900188446044922e-01,3.328000009059906006e-01
7.581000030040740967e-02,5.787600278854370117e-01,3.324699997901916504e-01
7.571999728679656982e-02,5.789200067520141602e-01,3.316699862480163574e-01
7.581900060176849365e-02,5.775200128555297852e-01,3.340100049972534180e-01
7.603300362825393677e-02,5.770300030708312988e-01,3.345899879932403564e-01
7.526899874210357666e-02,5.764399766921997070e-01,3.352299928665161133e-01
7.552099972963333130e-02,5.767499804496765137e-01,3.345600068569183350e-01
7.542300224304199219e-02,5.751699805259704590e-01,3.366000056266784668e-01
7.595799863338470459e-02,5.745099782943725586e-01,3.375599980354309082e-01
7.566300034523010254e-02,5.746300220489501953e-01,3.370299935340881348e-01
7.478000223636627197e-02,5.738499760627746582e-01,3.382900059223175049e-01
7.619199901819229126e-02,5.723500251770019531e-01,3.394300043582916260e-01
7.525700330734252930e-02,5.717300176620483398e-01,3.401499986648559570e-01
7.521700114011764526e-02,5.710999965667724609e-01,3.411200046539306641e-01
7.508700340986251831e-02,5.712900161743164062e-01,3.405100107192993164e-01
7.480199635028839111e-02,5.703399777412414551e-01,3.412399888038635254e-01
7.437399774789810181e-02,5.692499876022338867e-01,3.426400125026702881e-01
7.523299753665924072e-02,5.680599808692932129e-01,3.435100018978118896e-01
7.435300201177597046e-02,5.673999786376953125e-01,3.443099856376647949e-01
7.472500205039978027e-02,5.676199793815612793e-01,3.440200090408325195e-01
7.503099739551544189e-02,5.659899711608886719e-01,3.459999859333038330e-01
7.467500120401382446e-02,5.661200284957885742e-01,3.452199995517730713e-01
7.441300153732299805e-02,5.654500126838684082e-01,3.457500040531158447e-01
7.532700151205062866e-02,5.637400150299072266e-01,3.473699986934661865e-01
7.411299645900726318e-02,5.640199780464172363e-01,3.468799889087677002e-01
7.469800114631652832e-02,5.623099803924560547e-01,3.489699959754943848e-01
7.447999715805053711e-02,5.623800158500671387e-01,3.486500084400177002e-01
7.469099760055541992e-02,5.609599947929382324e-01,3.498199880123138428e-01
7.499200105667114258e-02,5.601000189781188965e-01,3.502799868583679199e-01
7.430599629878997803e-02,5.599799752235412598e-01,3.501000106334686279e-01
7.505299896001815796e-02,5.582100152969360352e-01,3.516399860382080078e-01
7.460399717092514038e-02,5.583099722862243652e-01,3.512000143527984619e-01
7.518900185823440552e-02,5.568699836730957031e-01,3.522300124168395996e-01
7.517199963331222534e-02,5.548999905586242676e-01,3.544700145721435547e-01
7.529599964618682861e-02,5.548300147056579590e-01,3.540599942207336426e-01
7.563400268554687500e-02,5.540900230407714844e-01,3.547399938106536865e-01
7.554899901151657104e-02,5.531799793243408203e-01,3.550600111484527588e-01
7.679899781942367554e-02,5.519899725914001465e-01,3.559300005435943604e-01
7.492999732494354248e-02,5.514799952507019043e-01,3.563100099563598633e-01
7.700800150632858276e-02,5.503699779510498047e-01,3.563399910926818848e-01
7.670599967241287231e-02,5.491399765014648438e-01,3.570399880409240723e-01
7.691100239753723145e-02,5.483700037002563477e-01,3.572500050067901611e-01
7.688699662685394287e-02,5.470899939537048340e-01,3.578400015830993652e-01
7.661899924278259277e-02,5.460900068283081055e-01,3.584400117397308350e-01
7.629500329494476318e-02,5.451599955558776855e-01,3.586300015449523926e-01
7.617100328207015991e-02,5.437099933624267578e-01,3.591499924659729004e-01
7.631099969148635864e-02,5.428100228309631348e-01,3.587499856948852539e-01
7.613699883222579956e-02,5.414900183677673340e-01,3.593200147151947021e-01
7.616800069808959961e-02,5.403400063514709473e-01,3.597899973392486572e-01
7.613900303840637207e-02,5.392000079154968262e-01,3.601300120353698730e-01
7.633800059556961060e-02,5.382000207901000977e-01,3.600400090217590332e-01
7.623899728059768677e-02,5.367900133132934570e-01,3.606199920177459717e-01
7.664000242948532104e-02,5.356900095939636230e-01,3.606100082397460938e-01
7.581599801778793335e-02,5.343099832534790039e-01,3.612099885940551758e-01
7.624600082635879517e-02,5.331100225448608398e-01,3.612000048160552979e-01
7.552599906921386719e-02,5.321000218391418457e-01,3.615700006484985352e-01
7.628899812698364258e-02,5.302000045776367188e-01,3.619999885559082031e-01
7.574299722909927368e-02,5.289899706840515137e-01,3.618299961090087891e-01
7.572200149297714233e-02,5.277500152587890625e-01,3.617999851703643799e-01
7.638400048017501831e-02,5.260300040245056152e-01,3.624500036239624023e-01
7.623399794101715088e-02,5.248000025749206543e-01,3.623600006103515625e-01
7.608699798583984375e-02,5.232300162315368652e-01,3.624599874019622803e-01
7.570700347423553467e-02,5.224199891090393066e-01,3.617700040340423584e-01
7.547499984502792358e-02,5.210300087928771973e-01,3.618600070476531982e-01
7.559499889612197876e-02,5.195000171661376953e-01,3.623299896717071533e-01
7.496800273656845093e-02,5.187299847602844238e-01,3.617199957370758057e-01
7.495299726724624634e-02,5.169500112533569336e-01,3.625899851322174072e-01
7.516299933195114136e-02,5.158200263977050781e-01,3.619399964809417725e-01
7.532700151205062866e-02,5.144699811935424805e-01,3.618499934673309326e-01
7.507199794054031372e-02,5.131700038909912109e-01,3.616699874401092529e-01
7.490299642086029053e-02,5.117499828338623047e-01,3.617599904537200928e-01
7.434000074863433838e-02,5.105999708175659180e-01,3.613699972629547119e-01
7.410900294780731201e-02,5.097399950027465820e-01,3.605499863624572754e-01
7.418499886989593506e-02,5.078700184822082520e-01,3.610900044441223145e-01
7.419700175523757935e-02,5.073500275611877441e-01,3.599100112915039062e-01
7.412400096654891968e-02,5.051500201225280762e-01,3.604300022125244141e-01
7.312999665737152100e-02,5.039799809455871582e-01,3.601999878883361816e-01
7.378300279378890991e-02,5.021100044250488281e-01,3.603700101375579834e-01
7.389199733734130859e-02,5.009499788284301758e-01,3.597199916839599609e-01
7.272399961948394775e-02,5.008000135421752930e-01,3.582499921321868896e-01
7.338199764490127563e-02,4.982100129127502441e-01,3.589800000190734863e-01
7.262499630451202393e-02,4.975900053977966309e-01,3.577699959278106689e-01
7.281000167131423950e-02,4.957900047302246094e-01,3.576700091361999512e-01
7.272499799728393555e-02,4.937700033187866211e-01,3.576200008392333984e-01
7.227499783039093018e-02,4.919500052928924561e-01,3.574300110340118408e-01
7.193200290203094482e-02,4.916200041770935059e-01,3.554500043392181396e-01
7.238300144672393799e-02,4.891400039196014404e-01,3.557699918746948242e-01
7.288199663162231445e-02,4.871299862861633301e-01,3.553900122642517090e-01
7.320799678564071655e-02,4.857000112533569336e-01,3.544000089168548584e-01
7.209599763154983521e-02,4.841000139713287354e-01,3.538900017738342285e-01
7.256499677896499634e-02,4.822300076484680176e-01,3.532600104808807373e-01
7.238800078630447388e-02,4.802500009536743164e-01,3.528499901294708252e-01
7.171499729156494141e-02,4.787699878215789795e-01,3.520900011062622070e-01
7.156299799680709839e-02,4.779999852180480957e-01,3.500699996948242188e-01
7.240500301122665405e-02,4.753699898719787598e-01,3.503200113773345947e-01
7.149100303649902344e-02,4.733999967575073242e-01,3.496100008487701416e-01
7.248599827289581299e-02,4.710499942302703857e-01,3.495100140571594238e-01
7.190299779176712036e-02,4.694199860095977783e-01,3.483799993991851807e-01
7.177499681711196899e-02,4.676299989223480225e-01,3.476499915122985840e-01
7.083699852228164673e-02,4.667200148105621338e-01,3.458000123500823975e-01
7.105199992656707764e-02,4.638000130653381348e-01,3.459500074386596680e-01
7.064600288867950439e-02,4.617800116539001465e-01,3.453400135040283203e-01
6.981000304222106934e-02,4.608199894428253174e-01,3.434799909591674805e-01
6.971199810504913330e-02,4.590499997138977051e-01,3.425399959087371826e-01
7.017499953508377075e-02,4.558599889278411865e-01,3.429400026798248291e-01
6.952399760484695435e-02,4.543200135231018066e-01,3.420499861240386963e-01
6.861300021409988403e-02,4.532600045204162598e-01,3.405199944972991943e-01
6.865800172090530396e-02,4.505999982357025146e-01,3.406899869441986084e-01
6.852500140666961670e-02,4.487800002098083496e-01,3.401100039482116699e-01
6.862799823284149170e-02,4.469499886035919189e-01,3.390800058841705322e-01
6.756500154733657837e-02,4.460999965667724609e-01,3.375999927520751953e-01
6.743100285530090332e-02,4.432600140571594238e-01,3.376399874687194824e-01
6.754499673843383789e-02,4.424900114536285400e-01,3.358399868011474609e-01
6.682699918746948242e-02,4.396699965000152588e-01,3.362300097942352295e-01
6.632799655199050903e-02,4.382100105285644531e-01,3.351300060749053955e-01
6.738699972629547119e-02,4.362100064754486084e-01,3.344100117683410645e-01
6.623599678277969360e-02,4.348500072956085205e-01,3.333500027656555176e-01
6.616800278425216675e-02,4.339700043201446533e-01,3.317500054836273193e-01
6.655900180339813232e-02,4.310300052165985107e-01,3.320200145244598389e-01
6.703600287437438965e-02,4.296100139617919922e-01,3.307099938392639160e-01
6.603600084781646729e-02,4.281199872493743896e-01,3.296099901199340820e-01
6.633300334215164185e-02,4.265399873256683350e-01,3.285999894142150879e-01
6.607999652624130249e-02,4.249399900436401367e-01,3.277600109577178955e-01
6.493200361728668213e-02,4.240599870681762695e-01,3.262200057506561279e-01
6.546200066804885864e-02,4.218499958515167236e-01,3.260099887847900391e-01
6.439600139856338501e-02,4.213199913501739502e-01,3.239000141620635986e-01
6.474799662828445435e-02,4.183300137519836426e-01,3.247700035572052002e-01
6.410499662160873413e-02,4.171200096607208252e-01,3.237499892711639404e-01
6.479000300168991089e-02,4.151000082492828369e-01,3.228000104427337646e-01
6.398300081491470337e-02,4.144299924373626709e-01,3.212899863719940186e-01
6.386599689722061157e-02,4.119400084018707275e-01,3.212699890136718750e-01
6.403300166130065918e-02,4.109599888324737549e-01,3.195500075817108154e-01
6.433700025081634521e-02,4.087600111961364746e-01,3.192600011825561523e-01
6.333799660205841064e-02,4.072600007057189941e-01,3.182699978351593018e-01
6.310100108385086060e-02,4.061299860477447510e-01,3.170300126075744629e-01
6.293299794197082520e-02,4.038400053977966309e-01,3.167400062084197998e-01
6.239100173115730286e-02,4.022200107574462891e-01,3.158099949359893799e-01
6.223899871110916138e-02,4.015100002288818359e-01,3.140400052070617676e-01
6.145900115370750427e-02,3.996100127696990967e-01,3.132700026035308838e-01
6.136199831962585449e-02,3.975000083446502686e-01,3.132399916648864746e-01
6.058200076222419739e-02,3.967700004577636719e-01,3.118099868297576904e-01
6.083700060844421387e-02,3.943899869918823242e-01,3.115099966526031494e-01
6.015999987721443176e-02,3.934600055217742920e-01,3.102099895477294922e-01
5.993900075554847717e-02,3.913300037384033203e-01,3.099200129508972168e-01
5.930100008845329285e-02,3.898299932479858398e-01,3.089999854564666748e-01
5.929600074887275696e-02,3.883399963378906250e-01,3.081299960613250732e-01
5.857300013303756714e-02,3.865999877452850342e-01,3.075700104236602783e-01
5.854199826717376709e-02,3.850800096988677979e-01,3.066099882125854492e-01
5.860000103712081909e-02,3.837999999523162842e-01,3.054099977016448975e-01
5.801000073552131653e-02,3.826000094413757324e-01,3.041400015354156494e-01
5.734499916434288025e-02,3.814400136470794678e-01,3.027699887752532959e-01
5.746899917721748352e-02,3.789899945259094238e-01,3.029100000858306885e-01
5.662500113248825073e-02,3.780899941921234131e-01,3.014599978923797607e-01
5.651300027966499329e-02,3.758299946784973145e-01,3.012900054454803467e-01
5.666400119662284851e-02,3.746500015258789062e-01,3.000699877738952637e-01
5.569000169634819031e-02,3.732199966907501221e-01,2.992399930953979492e-01
5.516299977898597717e-02,3.723999857902526855e-01,2.975499927997589111e-01
5.492300167679786682e-02,3.706899881362915039e-01,2.970399856567382812e-01
5.470800027251243591e-02,3.696100115776062012e-01,2.952600121498107910e-01
5.463600158691406250e-02,3.671399950981140137e-01,2.952600121498107910e-01
5.395900085568428040e-02,3.663200139999389648e-01,2.935799956321716309e-01
5.368100106716156006e-02,3.645299971103668213e-01,2.927199900150299072e-01
5.382699891924858093e-02,3.624599874019622803e-01,2.923299968242645264e-01
5.320800095796585083e-02,3.617599904537200928e-01,2.904100120067596436e-01
5.379100143909454346e-02,3.596599996089935303e-01,2.899000048637390137e-01
5.248299986124038696e-02,3.585300147533416748e-01,2.884599864482879639e-01
5.259200185537338257e-02,3.570199906826019287e-01,2.873499989509582520e-01
5.197900161147117615e-02,3.553999960422515869e-01,2.864499986171722412e-01
5.218299850821495056e-02,3.532600104808807373e-01,2.857599854469299316e-01
5.212000012397766113e-02,3.512299954891204834e-01,2.851299941539764404e-01
5.233899876475334167e-02,3.494200110435485840e-01,2.839699983596801758e-01
5.148899927735328674e-02,3.478600084781646729e-01,2.829099893569946289e-01
5.083800107240676880e-02,3.460200130939483643e-01,2.821600139141082764e-01
5.054400116205215454e-02,3.451899886131286621e-01,2.802999913692474365e-01
5.007699877023696899e-02,3.435400128364562988e-01,2.791799902915954590e-01
5.054799839854240417e-02,3.409000039100646973e-01,2.789500057697296143e-01
4.946999996900558472e-02,3.394599854946136475e-01,2.778800129890441895e-01
5.046100169420242310e-02,3.377099931240081787e-01,2.767400145530700684e-01
5.001899972558021545e-02,3.360300064086914062e-01,2.756899893283843994e-01
4.956899955868721008e-02,3.342800140380859375e-01,2.748399972915649414e-01
5.022599920630455017e-02,3.323299884796142578e-01,2.738299965858459473e-01
4.939800128340721130e-02,3.309899866580963135e-01,2.725799977779388428e-01
4.995400086045265198e-02,3.293299973011016846e-01,2.715600132942199707e-01
5.031200125813484192e-02,3.275800049304962158e-01,2.703900039196014404e-01
4.986200109124183655e-02,3.261500000953674316e-01,2.692199945449829102e-01
5.033500120043754578e-02,3.244099915027618408e-01,2.681599855422973633e-01
4.962100088596343994e-02,3.228299915790557861e-01,2.674100100994110107e-01
5.023900046944618225e-02,3.218199908733367920e-01,2.656799852848052979e-01
5.002100020647048950e-02,3.200600147247314453e-01,2.648800015449523926e-01
5.068200081586837769e-02,3.183099925518035889e-01,2.639900147914886475e-01
5.089500173926353455e-02,3.168399930000305176e-01,2.631199955940246582e-01
5.043499916791915894e-02,3.157800137996673584e-01,2.617999911308288574e-01
5.000400170683860779e-02,3.144200146198272705e-01,2.611399888992309570e-01
5.019199848175048828e-02,3.139399886131286621e-01,2.593199908733367920e-01
5.109800025820732117e-02,3.115200102329254150e-01,2.591400146484375000e-01
5.018800124526023865e-02,3.104000091552734375e-01,2.584199905395507812e-01
5.020900070667266846e-02,3.090499937534332275e-01,2.574999928474426270e-01
5.028799921274185181e-02,3.081200122833251953e-01,2.560600042343139648e-01
5.056000128388404846e-02,3.070299923419952393e-01,2.547799944877624512e-01
5.043299868702888489e-02,3.057000041007995605e-01,2.539499998092651367e-01
5.043200030922889709e-02,3.050299882888793945e-01,2.524499893188476562e-01
5.081000179052352905e-02,3.032599985599517822e-01,2.520399987697601318e-01
5.026200041174888611e-02,3.024600148200988770e-01,2.506200075149536133e-01
5.017499998211860657e-02,3.006500005722045898e-01,2.502200007438659668e-01
5.039300024509429932e-02,2.993600070476531982e-01,2.492000013589859009e-01
5.106199905276298523e-02,2.978900074958801270e-01,2.485499978065490723e-01
5.059799924492835999e-02,2.969799935817718506e-01,2.475000023841857910e-01
5.095399916172027588e-02,2.954699993133544922e-01,2.466499954462051392e-01
5.059200152754783630e-02,2.950800061225891113e-01,2.447800040245056152e-01
5.042099952697753906e-02,2.937799990177154541e-01,2.437400072813034058e-01
5.135200172662734985e-02,2.918899953365325928e-01,2.433400005102157593e-01
5.106600001454353333e-02,2.911100089550018311e-01,2.418300062417984009e-01
5.132199823856353760e-02,2.892099916934967041e-01,2.413299977779388428e-01
5.076099932193756104e-02,2.886100113391876221e-01,2.395399957895278931e-01
5.110299959778785706e-02,2.872000038623809814e-01,2.384700030088424683e-01
5.112599954009056091e-02,2.859100103378295898e-01,2.373600006103515625e-01
5.175000056624412537e-02,2.838700115680694580e-01,2.368099987506866455e-01
5.136499926447868347e-02,2.831600010395050049e-01,2.349999994039535522e-01
5.151300132274627686e-02,2.817600071430206299e-01,2.338200062513351440e-01
5.202699825167655945e-02,2.797299921512603760e-01,2.333099991083145142e-01
5.209799855947494507e-02,2.784599959850311279e-01,2.319699972867965698e-01
5.262700095772743225e-02,2.770999968051910400e-01,2.307399958372116089e-01
5.263400077819824219e-02,2.759000062942504883e-01,2.291599959135055542e-01
5.325200036168098450e-02,2.744399905204772949e-01,2.283599972724914551e-01
5.342400074005126953e-02,2.731499969959259033e-01,2.269899994134902954e-01
5.345899984240531921e-02,2.718099951744079590e-01,2.256300002336502075e-01
5.388600006699562073e-02,2.706600129604339600e-01,2.247100025415420532e-01
5.391399934887886047e-02,2.691200077533721924e-01,2.234800010919570923e-01
5.455299839377403259e-02,2.676999866962432861e-01,2.223899960517883301e-01
5.441600084304809570e-02,2.669500112533569336e-01,2.208199948072433472e-01
5.448399856686592102e-02,2.655000090599060059e-01,2.198500037193298340e-01
5.480299890041351318e-02,2.641400098800659180e-01,2.186899930238723755e-01
5.522400140762329102e-02,2.630999982357025146e-01,2.172999978065490723e-01
5.551100149750709534e-02,2.619900107383728027e-01,2.160400003194808960e-01
5.605899915099143982e-02,2.606700062751770020e-01,2.148600071668624878e-01
5.628500133752822876e-02,2.597399950027465820e-01,2.134200036525726318e-01
5.721500143408775330e-02,2.582800090312957764e-01,2.126200050115585327e-01
5.727199837565422058e-02,2.571400105953216553e-01,2.114299982786178589e-01
5.745099857449531555e-02,2.560499906539916992e-01,2.105100005865097046e-01
5.790200084447860718e-02,2.549099922180175781e-01,2.093700021505355835e-01
5.796400085091590881e-02,2.544099986553192139e-01,2.078099995851516724e-01
5.820799991488456726e-02,2.530199885368347168e-01,2.074799984693527222e-01
5.905000120401382446e-02,2.518300116062164307e-01,2.060900032520294189e-01
5.935100093483924866e-02,2.509399950504302979e-01,2.056799978017807007e-01
5.984399840235710144e-02,2.497799992561340332e-01,2.044499963521957397e-01
6.034199893474578857e-02,2.488600015640258789e-01,2.036900073289871216e-01
6.082399934530258179e-02,2.479200065135955811e-01,2.026399970054626465e-01
6.120499968528747559e-02,2.468899935483932495e-01,2.016199976205825806e-01
6.174499914050102234e-02,2.459699958562850952e-01,2.007700055837631226e-01
6.233600154519081116e-02,2.453999966382980347e-01,1.995799988508224487e-01
6.285600364208221436e-02,2.440900057554244995e-01,1.991399973630905151e-01
6.351000070571899414e-02,2.438700050115585327e-01,1.977500021457672119e-01
6.423900276422500610e-02,2.426300048828125000e-01,1.974799931049346924e-01
6.478500366210937500e-02,2.418700009584426880e-01,1.965599954128265381e-01
6.486099958419799805e-02,2.411299943923950195e-01,1.963399946689605713e-01
6.545799970626831055e-02,2.402900010347366333e-01,1.957200020551681519e-01
6.631799787282943726e-02,2.397200018167495728e-01,1.945499926805496216e-01
6.659299880266189575e-02,2.393800020217895508e-01,1.943400055170059204e-01
6.754200160503387451e-02,2.387000024318695068e-01,1.934600025415420532e-01
6.742600351572036743e-02,2.382799983024597168e-01,1.934600025415420532e-01
6.805499643087387085e-02,2.381400018930435181e-01,1.925999969244003296e-01
6.938599795103073120e-02,2.374099940061569214e-01,1.921799927949905396e-01
6.977500021457672119e-02,2.371399998664855957e-01,1.917199939489364624e-01
6.991899758577346802e-02,2.371200025081634521e-01,1.915699988603591919e-01
7.096700370311737061e-02,2.360900044441223145e-01,1.917800009250640869e-01
7.209800183773040771e-02,2.361299991607666016e-01,1.906300038099288940e-01
7.235100120306015015e-02,2.358700037002563477e-01,1.910700052976608276e-01
7.287400215864181519e-02,2.362599968910217285e-01,1.902399957180023193e-01
7.369700074195861816e-02,2.356799989938735962e-01,1.902199983596801758e-01
7.445800304412841797e-02,2.360900044441223145e-01,1.898999959230422974e-01
7.457700371742248535e-02,2.360399961471557617e-01,1.900500059127807617e-01
7.554099708795547485e-02,2.363200038671493530e-01,1.893499940633773804e-01
7.652799785137176514e-02,2.357999980449676514e-01,1.899500042200088501e-01
7.713799923658370972e-02,2.358500063419342041e-01,1.899199932813644409e-01
7.773099839687347412e-02,2.364500015974044800e-01,1.897699981927871704e-01
7.806300371885299683e-02,2.364500015974044800e-01,1.899600028991699219e-01
7.941100001335144043e-02,2.363599985837936401e-01,1.898099929094314575e-01
8.045700192451477051e-02,2.368399947881698608e-01,1.895799934864044189e-01
8.109699934720993042e-02,2.371499985456466675e-01,1.895399987697601318e-01
8.131600171327590942e-02,2.376099973917007446e-01,1.891299933195114136e-01
8.228900283575057983e-02,2.377199977636337280e-01,1.896899938583374023e-01
8.324600011110305786e-02,2.373200058937072754e-01,1.906100064516067505e-01
8.383800089359283447e-02,2.377399951219558716e-01,1.901600062847137451e-01
8.477199822664260864e-02,2.384299933910369873e-01,1.899899989366531372e-01
8.542600274085998535e-02,2.387399971485137939e-01,1.904100030660629272e-01
8.649200201034545898e-02,2.386700063943862915e-01,1.907200068235397339e-01
8.737699687480926514e-02,2.388699948787689209e-01,1.912599951028823853e-01
8.789700269699096680e-02,2.396800071001052856e-01,1.908400058746337891e-01
8.822099864482879639e-02,2.399999946355819702e-01,1.914799958467483521e-01
8.962000161409378052e-02,2.403099983930587769e-01,1.916200071573257446e-01
9.081300348043441772e-02,2.404000014066696167e-01,1.922399997711181641e-01
9.122599661350250244e-02,2.407300025224685669e-01,1.928199976682662964e-01
9.228099882602691650e-02,2.411800026893615723e-01,1.928700059652328491e-01
9.271000325679779053e-02,2.415399998426437378e-01,1.936800032854080200e-01
9.344899654388427734e-02,2.419199943542480469e-01,1.940200030803680420e-01
9.424000233411788940e-02,2.426300048828125000e-01,1.945900022983551025e-01
9.544000029563903809e-02,2.430499941110610962e-01,1.948599964380264282e-01
9.587699919939041138e-02,2.435200065374374390e-01,1.954700052738189697e-01
9.671200066804885864e-02,2.441000044345855713e-01,1.961500048637390137e-01
9.754599630832672119e-02,2.444099932909011841e-01,1.971299946308135986e-01
9.831999987363815308e-02,2.452999949455261230e-01,1.973100006580352783e-01
9.920000284910202026e-02,2.461400032043457031e-01,1.981399953365325928e-01
1.001000031828880310e-01,2.472400069236755371e-01,1.983300000429153442e-01
1.012900024652481079e-01,2.472999989986419678e-01,1.996500045061111450e-01
1.017599999904632568e-01,2.482399940490722656e-01,2.003300040960311890e-01
1.025400012731552124e-01,2.489999979734420776e-01,2.007800042629241943e-01
1.037800014019012451e-01,2.497500032186508179e-01,2.016399949789047241e-01
1.047800034284591675e-01,2.506799995899200439e-01,2.022700011730194092e-01
1.055599972605705261e-01,2.515499889850616455e-01,2.030300050973892212e-01
1.064999997615814209e-01,2.527500092983245850e-01,2.037899941205978394e-01
1.076800003647804260e-01,2.533699870109558105e-01,2.045399993658065796e-01
1.084199994802474976e-01,2.544499933719635010e-01,2.053499966859817505e-01
1.092899963259696960e-01,2.556999921798706055e-01,2.060099989175796509e-01
1.104900017380714417e-01,2.562600076198577881e-01,2.071699947118759155e-01
1.115000024437904358e-01,2.574700117111206055e-01,2.078800052404403687e-01
1.121399998664855957e-01,2.585499882698059082e-01,2.088299989700317383e-01
1.132100000977516174e-01,2.593899965286254883e-01,2.096100002527236938e-01
1.140400022268295288e-01,2.608700096607208252e-01,2.103399932384490967e-01
1.145899966359138489e-01,2.617200016975402832e-01,2.115399986505508423e-01
1.156499981880187988e-01,2.625699937343597412e-01,2.121900022029876709e-01
1.162799969315528870e-01,2.637000083923339844e-01,2.133100032806396484e-01
1.173399984836578369e-01,2.646400034427642822e-01,2.139399945735931396e-01
1.187300011515617371e-01,2.653599977493286133e-01,2.146899998188018799e-01
1.189600005745887756e-01,2.665399909019470215e-01,2.158100008964538574e-01
1.201400011777877808e-01,2.675000131130218506e-01,2.164199948310852051e-01
1.205699965357780457e-01,2.684400081634521484e-01,2.177399992942810059e-01
1.213300004601478577e-01,2.703599929809570312e-01,2.177000045776367188e-01
1.222900003194808960e-01,2.709099948406219482e-01,2.189799994230270386e-01
1.227400004863739014e-01,2.720899879932403564e-01,2.196599990129470825e-01
1.235499978065490723e-01,2.736299932003021240e-01,2.200700044631958008e-01
1.239999979734420776e-01,2.744599878787994385e-01,2.213899940252304077e-01
1.246099993586540222e-01,2.761000096797943115e-01,2.218199968338012695e-01
1.252499967813491821e-01,2.774400115013122559e-01,2.229399979114532471e-01
1.252299994230270386e-01,2.787500023841857910e-01,2.245599925518035889e-01
1.258199959993362427e-01,2.796199917793273926e-01,2.259300053119659424e-01
1.262599974870681763e-01,2.815999984741210938e-01,2.263700067996978760e-01
1.265700012445449829e-01,2.832799851894378662e-01,2.273900061845779419e-01
1.273400038480758667e-01,2.845399975776672363e-01,2.285500019788742065e-01
1.282400041818618774e-01,2.851200103759765625e-01,2.301400005817413330e-01
1.289999932050704956e-01,2.869099974632263184e-01,2.303999960422515869e-01
1.297499984502792358e-01,2.876499891281127930e-01,2.319200038909912109e-01
1.310900002717971802e-01,2.886300086975097656e-01,2.325199991464614868e-01
1.320199966430664062e-01,2.899200022220611572e-01,2.334699928760528564e-01
1.325899958610534668e-01,2.916499972343444824e-01,2.338999956846237183e-01
1.342300027608871460e-01,2.924999892711639404e-01,2.347300052642822266e-01
1.351300030946731567e-01,2.931799888610839844e-01,2.358999997377395630e-01
1.357900053262710571e-01,2.955900132656097412e-01,2.356899976730346680e-01
1.371500045061111450e-01,2.961300015449523926e-01,2.371100038290023804e-01
1.378799974918365479e-01,2.982200086116790771e-01,2.371100038290023804e-01
1.385499984025955200e-01,2.995199859142303467e-01,2.381699979305267334e-01
1.397600024938583374e-01,3.000999987125396729e-01,2.393900007009506226e-01
1.406500041484832764e-01,3.014599978923797607e-01,2.401099950075149536e-01
1.413500010967254639e-01,3.034000098705291748e-01,2.401099950075149536e-01
1.419800072908401489e-01,3.041099905967712402e-01,2.419500052928924561e-01
1.431799978017807007e-01,3.051699995994567871e-01,2.427600026130676270e-01
1.440500020980834961e-01,3.064399957656860352e-01,2.436700016260147095e-01
1.450199931859970093e-01,3.076100051403045654e-01,2.443300038576126099e-01
1.460600048303604126e-01,3.088400065898895264e-01,2.452899962663650513e-01
1.464100033044815063e-01,3.099299967288970947e-01,2.464299947023391724e-01
1.480599939823150635e-01,3.114799857139587402e-01,2.464600056409835815e-01
1.486700028181076050e-01,3.124699890613555908e-01,2.479200065135955811e-01
1.494300067424774170e-01,3.138799965381622314e-01,2.486100047826766968e-01
1.501899957656860352e-01,3.151400089263916016e-01,2.497999966144561768e-01
1.509100049734115601e-01,3.171800076961517334e-01,2.500399947166442871e-01
1.521199941635131836e-01,3.184800148010253906e-01,2.509799897670745850e-01
1.529600024223327637e-01,3.192099928855895996e-01,2.527500092983245850e-01
1.531199961900711060e-01,3.207800090312957764e-01,2.539899945259094238e-01
1.548099964857101440e-01,3.223699927330017090e-01,2.542600035667419434e-01
1.552000045776367188e-01,3.238100111484527588e-01,2.552900016307830811e-01
1.564099937677383423e-01,3.249000012874603271e-01,2.565000057220458984e-01
1.575099974870681763e-01,3.254700005054473877e-01,2.578899860382080078e-01
1.578900068998336792e-01,3.269999921321868896e-01,2.588700056076049805e-01
1.589200049638748169e-01,3.278799951076507568e-01,2.600899934768676758e-01
1.601999998092651367e-01,3.289200067520141602e-01,2.607899904251098633e-01
1.609099954366683960e-01,3.301199972629547119e-01,2.619900107383728027e-01
1.623400002717971802e-01,3.310300111770629883e-01,2.628299891948699951e-01
1.623400002717971802e-01,3.310300111770629883e-01,2.628299891948699951e-01
1.631399989128112793e-01,3.325200080871582031e-01,2.635799944400787354e-01
1.645199954509735107e-01,3.336299955844879150e-01,2.644200026988983154e-01
1.645199954509735107e-01,3.336299955844879150e-01,2.644200026988983154e-01
1.652700006961822510e-01,3.356499969959259033e-01,2.644700109958648682e-01
1.658799946308135986e-01,3.368000090122222900e-01,2.658199965953826904e-01
1.677200049161911011e-01,3.378100097179412842e-01,2.663199901580810547e-01
1.677599996328353882e-01,3.395499885082244873e-01,2.672199904918670654e-01
1.691900044679641724e-01,3.393299877643585205e-01,2.694000005722045898e-01
1.701100021600723267e-01,3.416399955749511719e-01,2.692100107669830322e-01
1.712300032377243042e-01,3.424000144004821777e-01,2.702600061893463135e-01
1.718900054693222046e-01,3.443599939346313477e-01,2.705500125885009766e-01
1.722099930047988892e-01,3.450300097465515137e-01,2.727299928665161133e-01
1.734299957752227783e-01,3.466799855232238770e-01,2.727800011634826660e-01
1.749600023031234741e-01,3.474200069904327393e-01,2.737399935722351074e-01
1.759400069713592529e-01,3.487200140953063965e-01,2.742300033569335938e-01
1.761000007390975952e-01,3.498899936676025391e-01,2.755500078201293945e-01
1.779199987649917603e-01,3.517700135707855225e-01,2.746799886226654053e-01
1.778800040483474731e-01,3.517299890518188477e-01,2.773599922657012939e-01
1.787499934434890747e-01,3.538199961185455322e-01,2.770000100135803223e-01
1.797599941492080688e-01,3.548600077629089355e-01,2.773799896240234375e-01
1.803600043058395386e-01,3.564699888229370117e-01,2.774499952793121338e-01
1.811600029468536377e-01,3.573400080204010010e-01,2.785300016403198242e-01
1.820300072431564331e-01,3.582800030708312988e-01,2.793000042438507080e-01
1.826599985361099243e-01,3.593200147151947021e-01,2.801400125026702881e-01
1.834899932146072388e-01,3.596099913120269775e-01,2.817099988460540771e-01
1.842399984598159790e-01,3.612399995326995850e-01,2.814599871635437012e-01
1.853400021791458130e-01,3.621299862861633301e-01,2.820299863815307617e-01
1.852999925613403320e-01,3.634999990463256836e-01,2.827999889850616455e-01
1.868299990892410278e-01,3.628000020980834961e-01,2.847799956798553467e-01
1.879300028085708618e-01,3.647699952125549316e-01,2.841799855232238770e-01
1.878100037574768066e-01,3.655399978160858154e-01,2.854200005531311035e-01
1.882700026035308838e-01,3.670899868011474609e-01,2.856099903583526611e-01
1.895699948072433472e-01,3.673999905586242676e-01,2.867999970912933350e-01
1.905400007963180542e-01,3.687599897384643555e-01,2.867600023746490479e-01
1.903100013732910156e-01,3.701800107955932617e-01,2.875500023365020752e-01
1.907799988985061646e-01,3.707399964332580566e-01,2.894299924373626709e-01
1.918500065803527832e-01,3.725399971008300781e-01,2.886300086975097656e-01
1.922200024127960205e-01,3.735499978065490723e-01,2.897999882698059082e-01
1.939000040292739868e-01,3.737699985504150391e-01,2.911300063133239746e-01
1.939900070428848267e-01,3.754700124263763428e-01,2.914800047874450684e-01
1.948200017213821411e-01,3.759999871253967285e-01,2.927399873733520508e-01
1.955199986696243286e-01,3.777799904346466064e-01,2.930400073528289795e-01
1.966300010681152344e-01,3.775199949741363525e-01,2.948299944400787354e-01
1.972199976444244385e-01,3.793700039386749268e-01,2.948499917984008789e-01
1.982499957084655762e-01,3.807800114154815674e-01,2.949100136756896973e-01
1.986899971961975098e-01,3.816199898719787598e-01,2.961199879646301270e-01
1.994599997997283936e-01,3.828000128269195557e-01,2.968899905681610107e-01
2.001699954271316528e-01,3.837200105190277100e-01,2.980799973011016846e-01
2.007800042629241943e-01,3.850800096988677979e-01,2.985599935054779053e-01
2.020200043916702271e-01,3.860000073909759521e-01,2.992599904537200928e-01
2.017399966716766357e-01,3.880800008773803711e-01,2.996299862861633301e-01
2.028699964284896851e-01,3.883599936962127686e-01,3.011499941349029541e-01
2.033099979162216187e-01,3.898200094699859619e-01,3.017500042915344238e-01
2.046200037002563477e-01,3.912400007247924805e-01,3.019300103187561035e-01
2.064799964427947998e-01,3.917599916458129883e-01,3.028700053691864014e-01
2.073899954557418823e-01,3.930400013923645020e-01,3.033599853515625000e-01
2.079199999570846558e-01,3.944399952888488770e-01,3.038800060749053955e-01
2.086199969053268433e-01,3.953399956226348877e-01,3.051800131797790527e-01
2.095499932765960693e-01,3.967899978160858154e-01,3.050599992275238037e-01
2.098699957132339478e-01,3.981800079345703125e-01,3.057299852371215820e-01
2.097399979829788208e-01,3.993600010871887207e-01,3.071199953556060791e-01
2.097599953413009644e-01,4.009500145912170410e-01,3.076499998569488525e-01
2.110099941492080688e-01,4.026400148868560791e-01,3.075900077819824219e-01
2.120099961757659912e-01,4.033600091934204102e-01,3.083499968051910400e-01
2.129299938678741455e-01,4.042600095272064209e-01,3.092800080776214600e-01
2.131900042295455933e-01,4.058000147342681885e-01,3.094899952411651611e-01
2.128300070762634277e-01,4.070200026035308838e-01,3.107999861240386963e-01
2.140800058841705322e-01,4.080899953842163086e-01,3.109099864959716797e-01
2.152300029993057251e-01,4.095200002193450928e-01,3.109500110149383545e-01
2.157700061798095703e-01,4.110800027847290039e-01,3.112399876117706299e-01
2.149399966001510620e-01,4.116800129413604736e-01,3.139300048351287842e-01
2.158699929714202881e-01,4.137400090694427490e-01,3.130500018596649170e-01
2.170699983835220337e-01,4.142999947071075439e-01,3.140099942684173584e-01
2.185399979352951050e-01,4.161700010299682617e-01,3.131499886512756348e-01
2.190299928188323975e-01,4.169400036334991455e-01,3.145299851894378662e-01
2.191199958324432373e-01,4.186199903488159180e-01,3.151699900627136230e-01
2.205200046300888062e-01,4.197300076484680176e-01,3.152199983596801758e-01
2.211800068616867065e-01,4.214800000190734863e-01,3.149499893188476562e-01
2.219099998474121094e-01,4.224100112915039062e-01,3.159300088882446289e-01
2.230100035667419434e-01,4.230200052261352539e-01,3.170599937438964844e-01
2.244099974632263184e-01,4.244300127029418945e-01,3.168599903583526611e-01
2.251400053501129150e-01,4.262500107288360596e-01,3.161700069904327393e-01
2.261500060558319092e-01,4.274100065231323242e-01,3.165000081062316895e-01
2.271299958229064941e-01,4.276100099086761475e-01,3.176699876785278320e-01
2.280900031328201294e-01,4.297100007534027100e-01,3.165400028228759766e-01
2.287800014019012451e-01,4.307000041007995605e-01,3.168199956417083740e-01
2.300000041723251343e-01,4.308600127696990967e-01,3.177100121974945068e-01
2.305099964141845703e-01,4.323999881744384766e-01,3.175700008869171143e-01
2.318499982357025146e-01,4.325999915599822998e-01,3.180699944496154785e-01
2.330600023269653320e-01,4.341500103473663330e-01,3.170500099658966064e-01
2.343100011348724365e-01,4.341199994087219238e-01,3.180699944496154785e-01
2.354599982500076294e-01,4.349299967288970947e-01,3.180899918079376221e-01
2.356999963521957397e-01,4.364300072193145752e-01,3.176099956035614014e-01
2.371200025081634521e-01,4.365999996662139893e-01,3.181099891662597656e-01
2.382200062274932861e-01,4.374299943447113037e-01,3.177999854087829590e-01
2.389599978923797607e-01,4.383200109004974365e-01,3.179099857807159424e-01
2.396000027656555176e-01,4.397000074386596680e-01,3.171199858188629150e-01
2.408100068569183350e-01,4.390299916267395020e-01,3.185099959373474121e-01
2.421099990606307983e-01,4.397799968719482422e-01,3.179700076580047607e-01
2.429099977016448975e-01,4.409799873828887939e-01,3.170700073242187500e-01
2.435300052165985107e-01,4.417900145053863525e-01,3.165700137615203857e-01
2.443400025367736816e-01,4.421699941158294678e-01,3.167800009250640869e-01
2.453600019216537476e-01,4.420700073242187500e-01,3.167800009250640869e-01
2.459699958562850952e-01,4.425399899482727051e-01,3.169000148773193359e-01
2.473500072956085205e-01,4.428800046443939209e-01,3.160400092601776123e-01
2.484399974346160889e-01,4.434100091457366943e-01,3.149600028991699219e-01
2.494599968194961548e-01,4.433099925518035889e-01,3.149999976158142090e-01
2.499399930238723755e-01,4.440099895000457764e-01,3.141599893569946289e-01
2.500900030136108398e-01,4.445100128650665283e-01,3.138099908828735352e-01
2.523800134658813477e-01,4.431400001049041748e-01,3.145599961280822754e-01
2.533099949359893799e-01,4.432800114154815674e-01,3.135299980640411377e-01
2.531999945640563965e-01,4.438599944114685059e-01,3.134000003337860107e-01
2.545399963855743408e-01,4.437200129032135010e-01,3.126800060272216797e-01
2.554799914360046387e-01,4.440200030803680420e-01,3.113600015640258789e-01
2.554900050163269043e-01,4.444299936294555664e-01,3.109900057315826416e-01
2.555199861526489258e-01,4.443500041961669922e-01,3.108600080013275146e-01
2.562200129032135010e-01,4.443700015544891357e-01,3.100999891757965088e-01
2.571800053119659424e-01,4.451799988746643066e-01,3.078500032424926758e-01
2.575600147247314453e-01,4.446499943733215332e-01,3.079699873924255371e-01
2.590599954128265381e-01,4.439199864864349365e-01,3.074899911880493164e-01
2.589100003242492676e-01,4.444299936294555664e-01,3.063400089740753174e-01
2.597500085830688477e-01,4.440900087356567383e-01,3.056299984455108643e-01
2.597900032997131348e-01,4.441899955272674561e-01,3.050499856472015381e-01
2.606700062751770020e-01,4.430299997329711914e-01,3.054299950599670410e-01
2.616100013256072998e-01,4.426699876785278320e-01,3.044799864292144775e-01
2.626700103282928467e-01,4.413200020790100098e-01,3.050200045108795166e-01
2.628099918365478516e-01,4.417699873447418213e-01,3.036000132560729980e-01
2.649300098419189453e-01,4.412199854850769043e-01,3.018200099468231201e-01
2.651199996471405029e-01,4.410299956798553467e-01,3.013100028038024902e-01
2.655400037765502930e-01,4.401800036430358887e-01,3.010399937629699707e-01
2.664799988269805908e-01,4.394499957561492920e-01,3.007099926471710205e-01
2.671099901199340820e-01,4.381299912929534912e-01,3.010199964046478271e-01
2.677699923515319824e-01,4.383400082588195801e-01,2.990100085735321045e-01
2.684499919414520264e-01,4.378100037574768066e-01,2.982400059700012207e-01
2.699300050735473633e-01,4.363299906253814697e-01,2.979800105094909668e-01
2.704899907112121582e-01,4.364500045776367188e-01,2.958900034427642822e-01
2.711400091648101807e-01,4.355799853801727295e-01,2.952800095081329346e-01
2.711699903011322021e-01,4.347099959850311279e-01,2.952400147914886475e-01
2.718900144100189209e-01,4.330599904060363770e-01,2.952499985694885254e-01
2.726500034332275391e-01,4.321199953556060791e-01,2.944700121879577637e-01
2.722600102424621582e-01,4.315299987792968750e-01,2.939000129699707031e-01
2.726399898529052734e-01,4.296799898147583008e-01,2.946699857711791992e-01
2.736000120639801025e-01,4.291499853134155273e-01,2.923299968242645264e-01
2.737300097942352295e-01,4.288699924945831299e-01,2.908900082111358643e-01
2.743600010871887207e-01,4.269700050354003906e-01,2.909500002861022949e-01
2.741400003433227539e-01,4.268099963665008545e-01,2.893300056457519531e-01
2.752900123596191406e-01,4.253700077533721924e-01,2.878699898719787598e-01
2.749100029468536377e-01,4.237900078296661377e-01,2.883799970149993896e-01
2.758800089359283447e-01,4.214800000190734863e-01,2.885400056838989258e-01
2.754999995231628418e-01,4.211899936199188232e-01,2.867900133132934570e-01
2.757599949836730957e-01,4.198400080204010010e-01,2.860299944877624512e-01
2.759700119495391846e-01,4.187299907207489014e-01,2.850500047206878662e-01
2.755300104618072510e-01,4.177800118923187256e-01,2.838799953460693359e-01
2.756400108337402344e-01,4.164899885654449463e-01,2.829999923706054688e-01
2.753799855709075928e-01,4.154100120067596436e-01,2.819199860095977783e-01
2.745800018310546875e-01,4.146299958229064941e-01,2.807300090789794922e-01
2.740299999713897705e-01,4.138999879360198975e-01,2.795000076293945312e-01
2.737199962139129639e-01,4.122099876403808594e-01,2.795099914073944092e-01
2.725400030612945557e-01,4.124200046062469482e-01,2.774299979209899902e-01
2.722499966621398926e-01,4.108699858188629150e-01,2.773799896240234375e-01
2.719100117683410645e-01,4.105699956417083740e-01,2.752499878406524658e-01
2.710799872875213623e-01,4.090900123119354248e-01,2.755900025367736816e-01
2.711800038814544678e-01,4.078499972820281982e-01,2.745299935340881348e-01
2.711299955844879150e-01,4.068199992179870605e-01,2.737300097942352295e-01
2.705099880695343018e-01,4.062300026416778564e-01,2.727699875831604004e-01
2.705000042915344238e-01,4.051100015640258789e-01,2.722299993038177490e-01
2.704400122165679932e-01,4.040600061416625977e-01,2.715800106525421143e-01
2.696000039577484131e-01,4.039700031280517578e-01,2.698999941349029541e-01
2.695699930191040039e-01,4.022400081157684326e-01,2.700400054454803467e-01
2.696099877357482910e-01,4.009700119495391846e-01,2.694500088691711426e-01
2.691000103950500488e-01,4.002600014209747314e-01,2.682799994945526123e-01
2.682600021362304688e-01,3.996900022029876709e-01,2.679400146007537842e-01
2.693000137805938721e-01,3.979600071907043457e-01,2.664999961853027344e-01
2.683399915695190430e-01,3.971300125122070312e-01,2.663100063800811768e-01
2.685199975967407227e-01,3.960599899291992188e-01,2.649500072002410889e-01
2.674899995326995850e-01,3.949199914932250977e-01,2.648499906063079834e-01
2.669599950313568115e-01,3.943400084972381592e-01,2.636500000953674316e-01
2.665899991989135742e-01,3.929199874401092529e-01,2.634299993515014648e-01
2.669599950313568115e-01,3.918400108814239502e-01,2.619999945163726807e-01
2.658900022506713867e-01,3.905700147151947021e-01,2.621200084686279297e-01
2.659899890422821045e-01,3.892500102519989014e-01,2.608799934387207031e-01
2.658300101757049561e-01,3.878000080585479736e-01,2.601200044155120850e-01
2.651500105857849121e-01,3.867299854755401611e-01,2.592099905014038086e-01
2.643800079822540283e-01,3.857400119304656982e-01,2.580099999904632568e-01
2.633199989795684814e-01,3.845300078392028809e-01,2.575300037860870361e-01
2.629800140857696533e-01,3.828999996185302734e-01,2.563000023365020752e-01
2.628799974918365479e-01,3.812299966812133789e-01,2.554300129413604736e-01
2.621699869632720947e-01,3.799799978733062744e-01,2.539499998092651367e-01
2.615000009536743164e-01,3.783900141716003418e-01,2.529900074005126953e-01
2.606500089168548584e-01,3.768599927425384521e-01,2.524099946022033691e-01
2.591800093650817871e-01,3.758299946784973145e-01,2.510299980640411377e-01
2.580699920654296875e-01,3.745700120925903320e-01,2.498700022697448730e-01
2.573600113391876221e-01,3.725099861621856689e-01,2.495999932289123535e-01
2.569699883460998535e-01,3.707999885082244873e-01,2.480999976396560669e-01
2.561100125312805176e-01,3.690899908542633057e-01,2.472999989986419678e-01
2.545300126075744629e-01,3.676300048828125000e-01,2.466000020503997803e-01
2.534100115299224854e-01,3.665600121021270752e-01,2.450399994850158691e-01
2.528100013732910156e-01,3.642899990081787109e-01,2.444799989461898804e-01
2.515400052070617676e-01,3.625999987125396729e-01,2.438299953937530518e-01
2.507300078868865967e-01,3.610099852085113525e-01,2.424100041389465332e-01
2.487200051546096802e-01,3.600000143051147461e-01,2.414100021123886108e-01
2.476000040769577026e-01,3.578299880027770996e-01,2.412700057029724121e-01
2.460899949073791504e-01,3.567300140857696533e-01,2.397899925708770752e-01
2.449100017547607422e-01,3.546400070190429688e-01,2.393500059843063354e-01
2.441000044345855713e-01,3.522999882698059082e-01,2.388300001621246338e-01
2.425799965858459473e-01,3.508499860763549805e-01,2.376600056886672974e-01
2.416000068187713623e-01,3.483799993991851807e-01,2.374999970197677612e-01
2.410199940204620361e-01,3.466500043869018555e-01,2.358099967241287231e-01
2.403700053691864014e-01,3.451099991798400879e-01,2.339199930429458618e-01
2.382899969816207886e-01,3.437300026416778564e-01,2.336699962615966797e-01
2.371300011873245239e-01,3.419100046157836914e-01,2.330400049686431885e-01
2.359399944543838501e-01,3.398799896240234375e-01,2.325599938631057739e-01
2.347500026226043701e-01,3.385899960994720459e-01,2.310000061988830566e-01
2.338500022888183594e-01,3.364599943161010742e-01,2.303500026464462280e-01
2.327399998903274536e-01,3.342800140380859375e-01,2.301899939775466919e-01
2.317299991846084595e-01,3.331100046634674072e-01,2.285100072622299194e-01
2.300300002098083496e-01,3.309000134468078613e-01,2.289099991321563721e-01
2.287600040435791016e-01,3.291899859905242920e-01,2.281000018119812012e-01
2.279299944639205933e-01,3.275800049304962158e-01,2.265100032091140747e-01
2.263000011444091797e-01,3.258000016212463379e-01,2.263599932193756104e-01
2.247799932956695557e-01,3.244700133800506592e-01,2.250600010156631470e-01
2.237000018358230591e-01,3.218599855899810791e-01,2.251099944114685059e-01
2.221599966287612915e-01,3.208999931812286377e-01,2.233300060033798218e-01
2.203499972820281982e-01,3.195100128650665283e-01,2.225099951028823853e-01
2.202900052070617676e-01,3.164199888706207275e-01,2.221599966287612915e-01
2.188300043344497681e-01,3.153199851512908936e-01,2.204000055789947510e-01
2.168200016021728516e-01,3.138700127601623535e-01,2.197899967432022095e-01
2.154700011014938354e-01,3.115299940109252930e-01,2.195499986410140991e-01
2.138199955224990845e-01,3.099800050258636475e-01,2.192299962043762207e-01
2.124499976634979248e-01,3.085600137710571289e-01,2.181700021028518677e-01
2.112800031900405884e-01,3.073999881744384766e-01,2.161699980497360229e-01
2.094199955463409424e-01,3.059599995613098145e-01,2.160400003194808960e-01
2.084999978542327881e-01,3.045000135898590088e-01,2.147500067949295044e-01
2.059600055217742920e-01,3.025699853897094727e-01,2.163099944591522217e-01
2.046699970960617065e-01,3.018299937248229980e-01,2.144100069999694824e-01
2.030899971723556519e-01,3.003799915313720703e-01,2.143500000238418579e-01
2.016800045967102051e-01,2.995299994945526123e-01,2.130600064992904663e-01
1.999199986457824707e-01,2.987900078296661377e-01,2.124900072813034058e-01
1.984000056982040405e-01,2.975600063800811768e-01,2.120400071144104004e-01
1.974499970674514771e-01,2.967100143432617188e-01,2.103700041770935059e-01
1.955199986696243286e-01,2.957099974155426025e-01,2.099500000476837158e-01
1.941500008106231689e-01,2.943100035190582275e-01,2.097699940204620361e-01
1.928299963474273682e-01,2.933900058269500732e-01,2.090599983930587769e-01
1.916099935770034790e-01,2.923699915409088135e-01,2.080900073051452637e-01
1.896400004625320435e-01,2.912099957466125488e-01,2.086800038814544678e-01
1.886499971151351929e-01,2.914299964904785156e-01,2.064599990844726562e-01
1.870699971914291382e-01,2.903699874877929688e-01,2.062200009822845459e-01
1.859499961137771606e-01,2.895700037479400635e-01,2.058099955320358276e-01
1.849299967288970947e-01,2.888799905776977539e-01,2.043800055980682373e-01
1.836899966001510620e-01,2.875699996948242188e-01,2.042900025844573975e-01
1.821399927139282227e-01,2.870500087738037109e-01,2.041700035333633423e-01
1.806900054216384888e-01,2.861300110816955566e-01,2.033600062131881714e-01
1.803400069475173950e-01,2.853400111198425293e-01,2.018900066614151001e-01
1.790399998426437378e-01,2.846199870109558105e-01,2.014199942350387573e-01
1.771299988031387329e-01,2.834700047969818115e-01,2.016700059175491333e-01
1.763799935579299927e-01,2.828299999237060547e-01,2.005500048398971558e-01
1.754599958658218384e-01,2.817400097846984863e-01,1.995899975299835205e-01
1.742199957370758057e-01,2.804600000381469727e-01,1.995400041341781616e-01
1.729000061750411987e-01,2.793599963188171387e-01,1.990299969911575317e-01
1.720899939537048340e-01,2.781099975109100342e-01,1.984100043773651123e-01
1.704799979925155640e-01,2.776199877262115479e-01,1.975100040435791016e-01
1.697299927473068237e-01,2.761699855327606201e-01,1.973100006580352783e-01
1.689500063657760620e-01,2.744100093841552734e-01,1.969999969005584717e-01
1.683699935674667358e-01,2.740199863910675049e-01,1.955099999904632568e-01
1.672900021076202393e-01,2.729400098323822021e-01,1.945600062608718872e-01
1.663099974393844604e-01,2.714599967002868652e-01,1.948200017213821411e-01
1.651799976825714111e-01,2.707700133323669434e-01,1.934300065040588379e-01
1.645399928092956543e-01,2.689799964427947998e-01,1.936500072479248047e-01
1.629199981689453125e-01,2.685100138187408447e-01,1.924400031566619873e-01
1.627400070428848267e-01,2.667900025844573975e-01,1.916300058364868164e-01
1.617500036954879761e-01,2.656399905681610107e-01,1.911000013351440430e-01
1.606200039386749268e-01,2.644500136375427246e-01,1.902700066566467285e-01
1.594900041818618774e-01,2.630499899387359619e-01,1.905899941921234131e-01
1.589500010013580322e-01,2.619900107383728027e-01,1.890700012445449829e-01
1.576499938964843750e-01,2.608399987220764160e-01,1.891299933195114136e-01
1.565400063991546631e-01,2.596400082111358643e-01,1.889300048351287842e-01
1.559800058603286743e-01,2.582499980926513672e-01,1.879300028085708618e-01
1.551299989223480225e-01,2.569200098514556885e-01,1.876599937677383423e-01
1.543799936771392822e-01,2.561900019645690918e-01,1.867700070142745972e-01
1.537699997425079346e-01,2.552900016307830811e-01,1.861799955368041992e-01
1.528600007295608521e-01,2.544699907302856445e-01,1.856099963188171387e-01
1.525299996137619019e-01,2.536799907684326172e-01,1.844300031661987305e-01
1.517599970102310181e-01,2.525700032711029053e-01,1.837999969720840454e-01
1.506099998950958252e-01,2.510800063610076904e-01,1.844200044870376587e-01
1.496800035238265991e-01,2.508800029754638672e-01,1.827400028705596924e-01
1.490000039339065552e-01,2.493800073862075806e-01,1.825799942016601562e-01
1.480399966239929199e-01,2.482199966907501221e-01,1.826699972152709961e-01
1.471499949693679810e-01,2.477000057697296143e-01,1.815000027418136597e-01
1.463800072669982910e-01,2.473199963569641113e-01,1.803800016641616821e-01
1.456200033426284790e-01,2.465499937534332275e-01,1.798699945211410522e-01
1.445599943399429321e-01,2.456399947404861450e-01,1.794800013303756714e-01
1.439799964427947998e-01,2.448399960994720459e-01,1.787499934434890747e-01
1.433999985456466675e-01,2.437099963426589966e-01,1.785700023174285889e-01
1.427100002765655518e-01,2.428700029850006104e-01,1.781200021505355835e-01
1.420000046491622925e-01,2.426099926233291626e-01,1.771499961614608765e-01
1.410900056362152100e-01,2.419600039720535278e-01,1.767400056123733521e-01
1.402200013399124146e-01,2.403800040483474731e-01,1.771000027656555176e-01
1.396200060844421387e-01,2.405200004577636719e-01,1.756100058555603027e-01
1.386200040578842163e-01,2.396000027656555176e-01,1.755499988794326782e-01
1.375800073146820068e-01,2.395599931478500366e-01,1.746300011873245239e-01
1.370999962091445923e-01,2.388399988412857056e-01,1.742500066757202148e-01
1.363999992609024048e-01,2.379100024700164795e-01,1.735199987888336182e-01
1.356800049543380737e-01,2.369900047779083252e-01,1.737599968910217285e-01
1.344700008630752563e-01,2.365799993276596069e-01,1.735299974679946899e-01
1.339299976825714111e-01,2.360100001096725464e-01,1.725399941205978394e-01
1.337099969387054443e-01,2.352299988269805908e-01,1.720999926328659058e-01
1.327999979257583618e-01,2.349900007247924805e-01,1.705199927091598511e-01
1.320199966430664062e-01,2.341700047254562378e-01,1.704300045967102051e-01
1.316500008106231689e-01,2.337300032377243042e-01,1.694499999284744263e-01
1.309700012207031250e-01,2.329500019550323486e-01,1.688899993896484375e-01
1.300899982452392578e-01,2.320500016212463379e-01,1.690499931573867798e-01
1.293500065803527832e-01,2.317100018262863159e-01,1.674499958753585815e-01
1.283400058746337891e-01,2.312899976968765259e-01,1.676400005817413330e-01
1.276600062847137451e-01,2.301599979400634766e-01,1.671700030565261841e-01
1.272799968719482422e-01,2.296299934387207031e-01,1.661199927330017090e-01
1.261499971151351929e-01,2.287900000810623169e-01,1.663500070571899414e-01
1.252299994230270386e-01,2.283000051975250244e-01,1.660999953746795654e-01
1.238999962806701660e-01,2.283100038766860962e-01,1.653800010681152344e-01
1.229799985885620117e-01,2.275699973106384277e-01,1.657699942588806152e-01
1.225299984216690063e-01,2.271700054407119751e-01,1.650899946689605713e-01
1.211699992418289185e-01,2.265499979257583618e-01,1.653899997472763062e-01
1.202400028705596924e-01,2.263700067996978760e-01,1.655800044536590576e-01
1.189400032162666321e-01,2.259899973869323730e-01,1.654500067234039307e-01
1.180099993944168091e-01,2.257499992847442627e-01,1.652799993753433228e-01
1.168000027537345886e-01,2.255699932575225830e-01,1.654500067234039307e-01
1.157199963927268982e-01,2.251099944114685059e-01,1.657499969005584717e-01
1.145000010728836060e-01,2.252500057220458984e-01,1.651699990034103394e-01
1.137199997901916504e-01,2.246000021696090698e-01,1.658100038766860962e-01
1.122199967503547668e-01,2.240300029516220093e-01,1.659400016069412231e-01
1.107200011610984802e-01,2.245499938726425171e-01,1.659500002861022949e-01
1.099099963903427124e-01,2.236600071191787720e-01,1.663900017738342285e-01
1.084999963641166687e-01,2.231000065803527832e-01,1.661899983882904053e-01
1.074400022625923157e-01,2.228399962186813354e-01,1.666499972343444824e-01
1.058500036597251892e-01,2.224999964237213135e-01,1.666699945926666260e-01
1.042800024151802063e-01,2.223600000143051147e-01,1.666200011968612671e-01
1.028600037097930908e-01,2.228000015020370483e-01,1.666000038385391235e-01
1.017000004649162292e-01,2.218299955129623413e-01,1.671999990940093994e-01
1.002200022339820862e-01,2.216099947690963745e-01,1.676000058650970459e-01
9.861700236797332764e-02,2.218199968338012695e-01,1.677699983119964600e-01
9.741099923849105835e-02,2.215300053358078003e-01,1.679899990558624268e-01
9.617699682712554932e-02,2.213699966669082642e-01,1.682900041341781616e-01
9.502699971199035645e-02,2.209800034761428833e-01,1.688999980688095093e-01
9.313400089740753174e-02,2.206999957561492920e-01,1.694200038909912109e-01
9.209900349378585815e-02,2.205200046300888062e-01,1.696400046348571777e-01
9.054999798536300659e-02,2.204400002956390381e-01,1.704899966716766357e-01
8.936599642038345337e-02,2.201099991798400879e-01,1.708700060844421387e-01
8.816199749708175659e-02,2.202000021934509277e-01,1.708299964666366577e-01
8.651400357484817505e-02,2.201299965381622314e-01,1.711499989032745361e-01
8.499299734830856323e-02,2.205100059509277344e-01,1.714800000190734863e-01
8.376300334930419922e-02,2.199400067329406738e-01,1.721899956464767456e-01
8.271999657154083252e-02,2.198199927806854248e-01,1.723999977111816406e-01
8.136700093746185303e-02,2.196999937295913696e-01,1.729899942874908447e-01
8.033200353384017944e-02,2.195499986410140991e-01,1.733999997377395630e-01
7.875599712133407593e-02,2.197600007057189941e-01,1.731999963521957397e-01
7.768200337886810303e-02,2.195399999618530273e-01,1.738699972629547119e-01
7.662999629974365234e-02,2.191600054502487183e-01,1.739899963140487671e-01
7.486700266599655151e-02,2.190199941396713257e-01,1.746399998664855957e-01
7.384999841451644897e-02,2.192600071430206299e-01,1.747500002384185791e-01
7.247100025415420532e-02,2.186699956655502319e-01,1.752700060606002808e-01
7.102199643850326538e-02,2.187699973583221436e-01,1.756899952888488770e-01
7.102199643850326538e-02,2.187699973583221436e-01,1.756899952888488770e-01
7.021799683570861816e-02,2.185499966144561768e-01,1.760399937629699707e-01
6.842800229787826538e-02,2.185499966144561768e-01,1.765300035476684570e-01
6.763800233602523804e-02,2.184000015258789062e-01,1.770299971103668213e-01
6.572300195693969727e-02,2.183499932289123535e-01,1.773599982261657715e-01
6.520300358533859253e-02,2.181999981403350830e-01,1.778299957513809204e-01
