7.890460640192031860e-02,2.952001392841339111e-01,1.454134285449981689e-01
8.140938729047775269e-02,3.016029596328735352e-01,1.506550610065460205e-01
7.409457117319107056e-02,2.920538783073425293e-01,1.383828818798065186e-01
7.978904247283935547e-02,3.009618818759918213e-01,1.504323780536651611e-01
8.068109303712844849e-02,3.078230619430541992e-01,1.540330052375793457e-01
7.943812757730484009e-02,3.048091828823089600e-01,1.527807414531707764e-01
8.190167695283889771e-02,3.079905509948730469e-01,1.567050516605377197e-01
8.250824362039566040e-02,3.217112123966217041e-01,1.619334518909454346e-01
7.749869674444198608e-02,3.128938078880310059e-01,1.556226015090942383e-01
7.539561390876770020e-02,3.072892427444458008e-01,1.537898480892181396e-01
7.673683762550354004e-02,3.115093708038330078e-01,1.559514701366424561e-01
7.665911316871643066e-02,3.160202503204345703e-01,1.568758487701416016e-01
7.989507168531417847e-02,3.198264837265014648e-01,1.619676351547241211e-01
8.018051832914352417e-02,3.214959502220153809e-01,1.628963947296142578e-01
8.015105873346328735e-02,3.233655095100402832e-01,1.636731922626495361e-01
7.470437139272689819e-02,3.242089152336120605e-01,1.572329103946685791e-01
7.882077991962432861e-02,3.300942480564117432e-01,1.645596027374267578e-01
7.698708772659301758e-02,3.272283375263214111e-01,1.629135310649871826e-01
7.837603241205215454e-02,3.347354829311370850e-01,1.647545695304870605e-01
7.969206571578979492e-02,3.305059373378753662e-01,1.663642823696136475e-01
7.594801485538482666e-02,3.277772367000579834e-01,1.631027460098266602e-01
7.787369936704635620e-02,3.358090519905090332e-01,1.666896641254425049e-01
7.649574428796768188e-02,3.332899808883666992e-01,1.661622822284698486e-01
8.151263743638992310e-02,3.462026119232177734e-01,1.723039150238037109e-01
7.790245115756988525e-02,3.356654942035675049e-01,1.671721637248992920e-01
8.152706176042556763e-02,3.451540172100067139e-01,1.764554679393768311e-01
8.171528577804565430e-02,3.553068935871124268e-01,1.772216558456420898e-01
8.269768208265304565e-02,3.524321019649505615e-01,1.775816082954406738e-01
7.894951105117797852e-02,3.512049615383148193e-01,1.764566302299499512e-01
8.277437835931777954e-02,3.615577816963195801e-01,1.821611225605010986e-01
8.411468565464019775e-02,3.666954338550567627e-01,1.855447590351104736e-01
8.083681017160415649e-02,3.624176084995269775e-01,1.825455129146575928e-01
8.225660026073455811e-02,3.634896874427795410e-01,1.845061182975769043e-01
8.503678441047668457e-02,3.742875754833221436e-01,1.929812729358673096e-01
8.554425835609436035e-02,3.715813457965850830e-01,1.923975050449371338e-01
8.462374657392501831e-02,3.725399374961853027e-01,1.953821480274200439e-01
9.377213567495346069e-02,3.931224346160888672e-01,2.080800235271453857e-01
8.846405148506164551e-02,3.842403292655944824e-01,2.013132870197296143e-01
8.626931160688400269e-02,3.815699219703674316e-01,1.984250247478485107e-01
8.296668529510498047e-02,3.761765658855438232e-01,1.952252984046936035e-01
8.221484720706939697e-02,3.780293762683868408e-01,1.955530345439910889e-01
8.392686396837234497e-02,3.823713660240173340e-01,1.977191865444183350e-01
8.728706836700439453e-02,3.946171700954437256e-01,2.047335207462310791e-01
8.813367784023284912e-02,3.974474668502807617e-01,2.068250179290771484e-01
8.512827008962631226e-02,3.970233500003814697e-01,2.054686844348907471e-01
8.604587614536285400e-02,3.949847221374511719e-01,2.046805322170257568e-01
8.592674881219863892e-02,3.911055326461791992e-01,2.038227617740631104e-01
8.520039916038513184e-02,3.877137303352355957e-01,2.025819718837738037e-01
8.824599534273147583e-02,3.985534608364105225e-01,2.101634442806243896e-01
8.817819505929946899e-02,3.971928656101226807e-01,2.091431617736816406e-01
8.671165257692337036e-02,3.949009478092193604e-01,2.069885432720184326e-01
8.495145291090011597e-02,3.977504968643188477e-01,2.057394087314605713e-01
8.559168875217437744e-02,3.954583406448364258e-01,2.041172087192535400e-01
8.976554870605468750e-02,4.092833697795867920e-01,2.133401334285736084e-01
8.839367330074310303e-02,4.063207209110260010e-01,2.098427116870880127e-01
8.610568195581436157e-02,3.988649547100067139e-01,2.044057548046112061e-01
9.167386591434478760e-02,4.149571657180786133e-01,2.143655717372894287e-01
8.993478119373321533e-02,4.102988541126251221e-01,2.125540077686309814e-01
8.848787844181060791e-02,4.076037108898162842e-01,2.107214033603668213e-01
8.826361596584320068e-02,4.105352759361267090e-01,2.100304663181304932e-01
9.761211276054382324e-02,4.260950684547424316e-01,2.226606309413909912e-01
9.300304204225540161e-02,4.129344820976257324e-01,2.151082456111907959e-01
9.327442198991775513e-02,4.143455326557159424e-01,2.141858637332916260e-01
9.002025425434112549e-02,4.129919409751892090e-01,2.113995254039764404e-01
9.253063052892684937e-02,4.151262342929840088e-01,2.135803103446960449e-01
8.803185075521469116e-02,4.065345823764801025e-01,2.061384022235870361e-01
8.444839715957641602e-02,4.002249538898468018e-01,2.016122937202453613e-01
8.014184981584548950e-02,3.882106840610504150e-01,1.942755877971649170e-01
8.306522667407989502e-02,4.032995700836181641e-01,2.014564275741577148e-01
7.702898979187011719e-02,3.914773464202880859e-01,1.907188296318054199e-01
8.082741498947143555e-02,3.954532444477081299e-01,1.971219182014465332e-01
7.721327990293502808e-02,3.841191232204437256e-01,1.910508871078491211e-01
7.720711827278137207e-02,3.887646496295928955e-01,1.927593946456909180e-01
8.241994678974151611e-02,3.994470536708831787e-01,1.986977756023406982e-01
7.791732251644134521e-02,3.945823311805725098e-01,1.958434283733367920e-01
7.655550539493560791e-02,3.947550058364868164e-01,1.940278708934783936e-01
7.633350789546966553e-02,3.942776620388031006e-01,1.944900155067443848e-01
7.545488327741622925e-02,3.929643630981445312e-01,1.918830275535583496e-01
7.356811314821243286e-02,3.933809101581573486e-01,1.897501945495605469e-01
8.033049106597900391e-02,4.118792414665222168e-01,2.035407125949859619e-01
7.470694929361343384e-02,3.954040706157684326e-01,1.933344900608062744e-01
7.768554985523223877e-02,4.026144146919250488e-01,1.972527503967285156e-01
7.619458436965942383e-02,3.933488130569458008e-01,1.916287243366241455e-01
7.429387420415878296e-02,3.940491378307342529e-01,1.918121576309204102e-01
7.519755512475967407e-02,3.979710340499877930e-01,1.927334666252136230e-01
7.592451572418212891e-02,3.996660709381103516e-01,1.948759853839874268e-01
7.746232300996780396e-02,4.078676104545593262e-01,2.013954818248748779e-01
7.739704102277755737e-02,4.073233604431152344e-01,1.989442110061645508e-01
7.798315584659576416e-02,4.061540365219116211e-01,2.021371424198150635e-01
7.432597875595092773e-02,4.088528454303741455e-01,2.024582922458648682e-01
7.890683412551879883e-02,4.196348786354064941e-01,2.092343866825103760e-01
7.709099352359771729e-02,4.127755761146545410e-01,2.075496017932891846e-01
7.720386981964111328e-02,4.194040000438690186e-01,2.088814079761505127e-01
7.568617165088653564e-02,4.274222552776336670e-01,2.110929787158966064e-01
7.590666413307189941e-02,4.206835925579071045e-01,2.078056335449218750e-01
7.365456223487854004e-02,4.103623032569885254e-01,2.029370069503784180e-01
7.282225042581558228e-02,4.138452708721160889e-01,2.037656605243682861e-01
7.169703394174575806e-02,4.157969653606414795e-01,2.039817869663238525e-01
7.216164469718933105e-02,4.127525091171264648e-01,2.040629386901855469e-01
7.056502252817153931e-02,4.098823666572570801e-01,2.017870247364044189e-01
6.758448481559753418e-02,4.074270129203796387e-01,1.970835328102111816e-01
7.013747841119766235e-02,4.133162498474121094e-01,2.048141956329345703e-01
6.642189621925354004e-02,4.068729877471923828e-01,2.004615366458892822e-01
6.479159742593765259e-02,4.060606062412261963e-01,1.969760358333587646e-01
6.910848617553710938e-02,4.130935370922088623e-01,2.040057778358459473e-01
7.440055906772613525e-02,4.440912306308746338e-01,2.242249250411987305e-01
7.108593732118606567e-02,4.214770793914794922e-01,2.150863707065582275e-01
7.699937373399734497e-02,4.516735970973968506e-01,2.325111627578735352e-01
7.399456202983856201e-02,4.460161924362182617e-01,2.290816009044647217e-01
7.174976170063018799e-02,4.522868990898132324e-01,2.321058809757232666e-01
7.486811280250549316e-02,4.662367701530456543e-01,2.432107031345367432e-01
7.398150861263275146e-02,4.623815119266510010e-01,2.444468140602111816e-01
7.470384240150451660e-02,4.671324491500854492e-01,2.436730265617370605e-01
7.278866320848464966e-02,4.772318303585052490e-01,2.507728338241577148e-01
7.566731423139572144e-02,4.771647453308105469e-01,2.503902614116668701e-01
7.515861839056015015e-02,4.774131774902343750e-01,2.504623830318450928e-01
7.316830009222030640e-02,4.738882780075073242e-01,2.487614452838897705e-01
7.460573315620422363e-02,4.847193658351898193e-01,2.552442252635955811e-01
7.409792393445968628e-02,4.819658100605010986e-01,2.533230781555175781e-01
7.123314589262008667e-02,4.669711291790008545e-01,2.444506585597991943e-01
7.407663017511367798e-02,4.789693355560302734e-01,2.513645291328430176e-01
7.188832759857177734e-02,4.691709578037261963e-01,2.470954358577728271e-01
7.330938428640365601e-02,4.823797643184661865e-01,2.517493069171905518e-01
7.170275598764419556e-02,4.756813049316406250e-01,2.486203014850616455e-01
6.818662583827972412e-02,4.595592021942138672e-01,2.390203177928924561e-01
7.428059726953506470e-02,4.863072037696838379e-01,2.529462277889251709e-01
7.121172547340393066e-02,4.825404286384582520e-01,2.537184655666351318e-01
7.045689225196838379e-02,4.717062413692474365e-01,2.452068030834197998e-01
7.206000387668609619e-02,4.917281866073608398e-01,2.614193260669708252e-01
6.839638203382492065e-02,4.816260933876037598e-01,2.533276975154876709e-01
7.052174210548400879e-02,4.823271334171295166e-01,2.558740377426147461e-01
6.976887583732604980e-02,4.821268618106842041e-01,2.546452581882476807e-01
6.794052571058273315e-02,4.804382622241973877e-01,2.499953806400299072e-01
6.799392402172088623e-02,4.799413383007049561e-01,2.532385885715484619e-01
6.629955768585205078e-02,4.754166901111602783e-01,2.521133124828338623e-01
6.542245298624038696e-02,4.714978933334350586e-01,2.501921951770782471e-01
6.670784205198287964e-02,4.654391407966613770e-01,2.458125054836273193e-01
6.440432369709014893e-02,4.600647687911987305e-01,2.369557619094848633e-01
6.245528906583786011e-02,4.596853852272033691e-01,2.380422651767730713e-01
5.952776968479156494e-02,4.467718005180358887e-01,2.297743558883666992e-01
5.821457505226135254e-02,4.368440210819244385e-01,2.173095941543579102e-01
5.557606369256973267e-02,4.188024103641510010e-01,2.038120329380035400e-01
5.327022820711135864e-02,4.177097380161285400e-01,2.037815749645233154e-01
5.151322484016418457e-02,4.116742610931396484e-01,2.010969519615173340e-01
4.962456226348876953e-02,4.150806665420532227e-01,2.014074623584747314e-01
4.994378983974456787e-02,3.810498416423797607e-01,1.844588816165924072e-01
5.216820538043975830e-02,3.959951400756835938e-01,1.942642331123352051e-01
4.960493743419647217e-02,3.869391977787017822e-01,1.911387741565704346e-01
4.974122345447540283e-02,3.795021772384643555e-01,1.903625428676605225e-01
5.135010927915573120e-02,3.767335414886474609e-01,1.906253397464752197e-01
5.724459886550903320e-02,3.842914402484893799e-01,1.948582828044891357e-01
6.246755272150039673e-02,3.899385035037994385e-01,2.033702433109283447e-01
6.777583807706832886e-02,3.912838399410247803e-01,2.015143930912017822e-01
7.767838239669799805e-02,4.146735072135925293e-01,2.186954319477081299e-01
8.484277129173278809e-02,4.432902038097381592e-01,2.369872629642486572e-01
8.673896640539169312e-02,4.636610448360443115e-01,2.482281029224395752e-01
8.390082418918609619e-02,4.526655972003936768e-01,2.404614686965942383e-01
8.578892797231674194e-02,4.706214368343353271e-01,2.512206733226776123e-01
8.647570013999938965e-02,4.715367555618286133e-01,2.527939975261688232e-01
8.567134290933609009e-02,4.728763997554779053e-01,2.534603774547576904e-01
8.413278311491012573e-02,4.623210132122039795e-01,2.458302676677703857e-01
8.405984193086624146e-02,4.509152472019195557e-01,2.417526543140411377e-01
8.198164403438568115e-02,4.514249563217163086e-01,2.416102886199951172e-01
7.950439304113388062e-02,4.350685775279998779e-01,2.333571016788482666e-01
7.974137365818023682e-02,4.265483021736145020e-01,2.320844829082489014e-01
7.958904653787612915e-02,4.129121303558349609e-01,2.241004705429077148e-01
7.740753889083862305e-02,4.071284830570220947e-01,2.202812135219573975e-01
7.638757675886154175e-02,4.052865803241729736e-01,2.210667431354522705e-01
7.269477099180221558e-02,3.950037658214569092e-01,2.159606218338012695e-01
7.163602113723754883e-02,3.856799602508544922e-01,2.113638818264007568e-01
7.149776071310043335e-02,3.822323977947235107e-01,2.121399939060211182e-01
7.437068223953247070e-02,3.993684947490692139e-01,2.228883802890777588e-01
6.935244798660278320e-02,3.871255517005920410e-01,2.162262797355651855e-01
6.607925891876220703e-02,3.669804334640502930e-01,2.062852084636688232e-01
6.626157462596893311e-02,3.670283257961273193e-01,2.059388458728790283e-01
6.188667565584182739e-02,3.468019068241119385e-01,1.969282925128936768e-01
6.035213172435760498e-02,3.414335250854492188e-01,1.938868463039398193e-01
6.242881715297698975e-02,3.530308604240417480e-01,2.027334868907928467e-01
6.081012636423110962e-02,3.402029573917388916e-01,1.975009441375732422e-01
6.398889422416687012e-02,3.551197946071624756e-01,2.062228024005889893e-01
6.389442086219787598e-02,3.763270676136016846e-01,2.169057428836822510e-01
6.395722925662994385e-02,3.974488079547882080e-01,2.300109863281250000e-01
6.151971220970153809e-02,3.999661505222320557e-01,2.307721972465515137e-01
6.027457863092422485e-02,4.239555597305297852e-01,2.427784800529479980e-01
5.791059136390686035e-02,4.337019026279449463e-01,2.485916912555694580e-01
6.118095666170120239e-02,4.451814293861389160e-01,2.574645876884460449e-01
6.278041005134582520e-02,4.696752130985260010e-01,2.707383632659912109e-01
6.639478355646133423e-02,4.709721207618713379e-01,2.756252586841583252e-01
6.619866192340850830e-02,4.935192167758941650e-01,2.878107726573944092e-01
7.236159592866897583e-02,5.148173570632934570e-01,3.007967770099639893e-01
7.136438041925430298e-02,5.059355497360229492e-01,2.968400716781616211e-01
7.733728736639022827e-02,5.202261805534362793e-01,3.133654892444610596e-01
7.499317079782485962e-02,5.130410790443420410e-01,3.050698339939117432e-01
7.602538168430328369e-02,5.127797126770019531e-01,3.057794868946075439e-01
7.917711138725280762e-02,4.875412881374359131e-01,2.999874651432037354e-01
7.096849381923675537e-02,4.805992841720581055e-01,2.904236018657684326e-01
7.823704183101654053e-02,4.797743260860443115e-01,2.941381037235260010e-01
7.844840735197067261e-02,4.741221964359283447e-01,2.945485413074493408e-01
7.679860293865203857e-02,4.815533459186553955e-01,2.955118119716644287e-01
7.524421811103820801e-02,4.652544856071472168e-01,2.850694656372070312e-01
7.403530925512313843e-02,4.702617824077606201e-01,2.900522947311401367e-01
7.440249621868133545e-02,4.797173142433166504e-01,2.922324240207672119e-01
7.626848667860031128e-02,4.941995739936828613e-01,2.994133830070495605e-01
7.979432493448257446e-02,4.960068166255950928e-01,2.965357005596160889e-01
8.487052470445632935e-02,5.118449330329895020e-01,3.072664141654968262e-01
8.675341308116912842e-02,5.172873139381408691e-01,3.112801611423492432e-01
8.951362222433090210e-02,5.199763178825378418e-01,3.133958876132965088e-01
9.354635328054428101e-02,5.087766647338867188e-01,3.095069229602813721e-01
8.948611468076705933e-02,4.987511336803436279e-01,3.054865896701812744e-01
9.659966826438903809e-02,5.112722516059875488e-01,3.120799064636230469e-01
9.695623070001602173e-02,5.157849788665771484e-01,3.180502355098724365e-01
8.842847496271133423e-02,4.945375025272369385e-01,3.059760034084320068e-01
9.016997367143630981e-02,5.018115639686584473e-01,3.128216266632080078e-01
9.089779853820800781e-02,4.966853559017181396e-01,3.089474141597747803e-01
8.434294164180755615e-02,4.816160798072814941e-01,2.997505962848663330e-01
8.642744272947311401e-02,4.957061111927032471e-01,3.063448071479797363e-01
8.601735532283782959e-02,4.925954043865203857e-01,3.062446415424346924e-01
8.560063689947128296e-02,5.043130517005920410e-01,3.122782409191131592e-01
8.729193359613418579e-02,5.078445076942443848e-01,3.159899413585662842e-01
8.657105267047882080e-02,5.208154320716857910e-01,3.238024115562438965e-01
9.039600938558578491e-02,5.399805307388305664e-01,3.356291949748992920e-01
9.195490926504135132e-02,5.456048846244812012e-01,3.369409739971160889e-01
8.889982849359512329e-02,5.548043847084045410e-01,3.428663909435272217e-01
8.837220072746276855e-02,5.532676577568054199e-01,3.418930470943450928e-01
8.964790403842926025e-02,5.495907664299011230e-01,3.396895527839660645e-01
8.771006017923355103e-02,5.399299263954162598e-01,3.355085551738739014e-01
8.972372859716415405e-02,5.307092070579528809e-01,3.303902447223663330e-01
8.111510425806045532e-02,5.451852679252624512e-01,3.376255333423614502e-01
7.995067536830902100e-02,5.539852380752563477e-01,3.462647497653961182e-01
8.301723748445510864e-02,5.712228417396545410e-01,3.559220731258392334e-01
7.907394319772720337e-02,5.534292459487915039e-01,3.509196043014526367e-01
8.186762779951095581e-02,5.606060624122619629e-01,3.523111641407012939e-01
8.433703333139419556e-02,5.676591992378234863e-01,3.562572598457336426e-01
7.866582274436950684e-02,5.641223192214965820e-01,3.520524203777313232e-01
7.899566739797592163e-02,5.596387386322021484e-01,3.528463542461395264e-01
8.126167207956314087e-02,5.675547122955322266e-01,3.585529625415802002e-01
8.360206335783004761e-02,5.624527335166931152e-01,3.573815524578094482e-01
8.630250394344329834e-02,5.645565986633300781e-01,3.615515530109405518e-01
9.048745781183242798e-02,5.658308863639831543e-01,3.661738634109497070e-01
8.857728540897369385e-02,5.655921697616577148e-01,3.676537871360778809e-01
9.086128324270248413e-02,5.535460710525512695e-01,3.623781204223632812e-01
8.887761831283569336e-02,5.572077035903930664e-01,3.651170730590820312e-01
8.255998790264129639e-02,5.617578625679016113e-01,3.715183734893798828e-01
8.358561992645263672e-02,5.534490942955017090e-01,3.682819902896881104e-01
8.174507319927215576e-02,5.486689805984497070e-01,3.679865896701812744e-01
8.201599121093750000e-02,5.360807776451110840e-01,3.588719069957733154e-01
7.637684792280197144e-02,5.371484160423278809e-01,3.604217767715454102e-01
7.537129521369934082e-02,5.245448946952819824e-01,3.552343249320983887e-01
6.898201256990432739e-02,5.174896121025085449e-01,3.549959063529968262e-01
7.123039662837982178e-02,5.094372630119323730e-01,3.532299101352691650e-01
6.488872319459915161e-02,4.959736764430999756e-01,3.418830633163452148e-01
6.933056563138961792e-02,5.051937699317932129e-01,3.500794172286987305e-01
6.693925708532333374e-02,5.145160555839538574e-01,3.600341081619262695e-01
6.967075914144515991e-02,5.253887772560119629e-01,3.669473230838775635e-01
6.681894510984420776e-02,5.299660563468933105e-01,3.758615553379058838e-01
6.675757467746734619e-02,5.218796133995056152e-01,3.722335100173950195e-01
6.384015828371047974e-02,5.162858366966247559e-01,3.695027828216552734e-01
6.680439412593841553e-02,5.209648013114929199e-01,3.723032772541046143e-01
6.479565054178237915e-02,5.171962380409240723e-01,3.685753047466278076e-01
6.954891979694366455e-02,5.247026681900024414e-01,3.722243607044219971e-01
6.948629021644592285e-02,5.289247035980224609e-01,3.771263957023620605e-01
7.106640934944152832e-02,5.332915186882019043e-01,3.759661912918090820e-01
7.045633345842361450e-02,5.253750681877136230e-01,3.728003203868865967e-01
7.193102687597274780e-02,5.179757475852966309e-01,3.650101721286773682e-01
7.456849515438079834e-02,5.285655856132507324e-01,3.689886629581451416e-01
7.463879138231277466e-02,5.253307223320007324e-01,3.683277666568756104e-01
7.633587718009948730e-02,5.300421714782714844e-01,3.704777359962463379e-01
7.532857358455657959e-02,5.339576005935668945e-01,3.695084154605865479e-01
7.203668355941772461e-02,5.321361422538757324e-01,3.694721162319183350e-01
7.179022580385208130e-02,5.300741195678710938e-01,3.688835501670837402e-01
7.081452757120132446e-02,5.245577692985534668e-01,3.645665049552917480e-01
6.798452138900756836e-02,5.351012945175170898e-01,3.727829754352569580e-01
6.538443267345428467e-02,5.209987163543701172e-01,3.642004728317260742e-01
6.200680881738662720e-02,5.364014506340026855e-01,3.786157667636871338e-01
6.389997154474258423e-02,5.176296830177307129e-01,3.634432852268218994e-01
5.967985093593597412e-02,5.233299732208251953e-01,3.723028898239135742e-01
6.255429983139038086e-02,5.207650661468505859e-01,3.703641593456268311e-01
5.862720310688018799e-02,5.205250382423400879e-01,3.707841634750366211e-01
5.963763594627380371e-02,5.212135910987854004e-01,3.724459409713745117e-01
5.854552239179611206e-02,5.244072675704956055e-01,3.816361725330352783e-01
5.963329970836639404e-02,5.200260877609252930e-01,3.768591880798339844e-01
6.004714965820312500e-02,5.168901085853576660e-01,3.728972375392913818e-01
6.097004562616348267e-02,5.216575860977172852e-01,3.797370791435241699e-01
5.980831384658813477e-02,5.237129926681518555e-01,3.813928067684173584e-01
5.980347096920013428e-02,5.182209610939025879e-01,3.760840892791748047e-01
5.861748009920120239e-02,5.130372643470764160e-01,3.738799989223480225e-01
5.931694805622100830e-02,5.064724087715148926e-01,3.702154457569122314e-01
5.936763435602188110e-02,5.008733272552490234e-01,3.691385984420776367e-01
5.875887721776962280e-02,5.091605782508850098e-01,3.724094629287719727e-01
5.708565562963485718e-02,5.017008781433105469e-01,3.746538460254669189e-01
5.849328637123107910e-02,4.931364059448242188e-01,3.665941357612609863e-01
6.055266410112380981e-02,4.852346479892730713e-01,3.605675697326660156e-01
6.092157959938049316e-02,4.873256385326385498e-01,3.627388775348663330e-01
6.151828914880752563e-02,4.807690680027008057e-01,3.570266962051391602e-01
5.968944728374481201e-02,4.756110608577728271e-01,3.553723990917205811e-01
6.452799588441848755e-02,4.808058738708496094e-01,3.662761747837066650e-01
5.994036793708801270e-02,4.796685576438903809e-01,3.556975722312927246e-01
5.926977843046188354e-02,4.705788791179656982e-01,3.518466055393218994e-01
6.177093088626861572e-02,4.688265025615692139e-01,3.491230010986328125e-01
6.283303350210189819e-02,4.800097942352294922e-01,3.619351685047149658e-01
6.289314478635787964e-02,4.826620519161224365e-01,3.641496598720550537e-01
6.440070271492004395e-02,4.561344385147094727e-01,3.503753244876861572e-01
6.857535243034362793e-02,4.690568149089813232e-01,3.565354645252227783e-01
6.634891778230667114e-02,4.624934196472167969e-01,3.506163060665130615e-01
6.648867577314376831e-02,4.658757448196411133e-01,3.532091379165649414e-01
6.840392947196960449e-02,4.682624638080596924e-01,3.548552691936492920e-01
6.666305661201477051e-02,4.541575312614440918e-01,3.446511924266815186e-01
6.698842346668243408e-02,4.518934190273284912e-01,3.436078429222106934e-01
6.344449520111083984e-02,4.702508449554443359e-01,3.525345325469970703e-01
6.412873417139053345e-02,4.612870216369628906e-01,3.516628742218017578e-01
6.643032282590866089e-02,4.620171785354614258e-01,3.508837819099426270e-01
6.860314309597015381e-02,4.627563655376434326e-01,3.552441298961639404e-01
6.236889213323593140e-02,4.603849053382873535e-01,3.511745631694793701e-01
6.344314664602279663e-02,4.546337127685546875e-01,3.485564291477203369e-01
6.283809244632720947e-02,4.579849839210510254e-01,3.493842184543609619e-01
6.069234758615493774e-02,4.513493180274963379e-01,3.454355299472808838e-01
6.443192809820175171e-02,4.571219086647033691e-01,3.485619425773620605e-01
6.131291389465332031e-02,4.689636826515197754e-01,3.570606708526611328e-01
6.460702419281005859e-02,4.653441905975341797e-01,3.456114232540130615e-01
6.644336879253387451e-02,4.894651472568511963e-01,3.584419488906860352e-01
6.368926912546157837e-02,4.883372187614440918e-01,3.619319498538970947e-01
6.546325236558914185e-02,4.788398444652557373e-01,3.541659116744995117e-01
6.575148552656173706e-02,4.608566164970397949e-01,3.418722748756408691e-01
6.695413589477539062e-02,4.687200188636779785e-01,3.441683948040008545e-01
6.437362730503082275e-02,4.635137319564819336e-01,3.438077569007873535e-01
6.703899800777435303e-02,4.650319814682006836e-01,3.429254591464996338e-01
6.502488255500793457e-02,4.704506993293762207e-01,3.491770327091217041e-01
6.766693294048309326e-02,4.748248755931854248e-01,3.518325984477996826e-01
6.578703224658966064e-02,4.630417823791503906e-01,3.428790271282196045e-01
6.688786298036575317e-02,4.686923027038574219e-01,3.450800180435180664e-01
6.620062887668609619e-02,4.594693779945373535e-01,3.408235907554626465e-01
6.778110563755035400e-02,4.622172713279724121e-01,3.408548533916473389e-01
6.608587503433227539e-02,4.615335464477539062e-01,3.398528099060058594e-01
6.603813171386718750e-02,4.593763649463653564e-01,3.396656215190887451e-01
7.097017765045166016e-02,4.756748676300048828e-01,3.494432568550109863e-01
6.987029314041137695e-02,4.787060320377349854e-01,3.498763740062713623e-01
6.642525643110275269e-02,4.757786095142364502e-01,3.500446379184722900e-01
6.718686968088150024e-02,4.718434810638427734e-01,3.478782474994659424e-01
6.780282407999038696e-02,4.639686644077301025e-01,3.401035368442535400e-01
6.694831699132919312e-02,4.666314721107482910e-01,3.427505493164062500e-01
6.732601672410964966e-02,4.511827826499938965e-01,3.347815573215484619e-01
6.627942621707916260e-02,4.456689953804016113e-01,3.311528265476226807e-01
6.720767915248870850e-02,4.536254107952117920e-01,3.364832103252410889e-01
6.774018704891204834e-02,4.580669999122619629e-01,3.409357368946075439e-01
6.578952074050903320e-02,4.386197626590728760e-01,3.279857039451599121e-01
6.139954179525375366e-02,4.496407210826873779e-01,3.418919146060943604e-01
6.468560546636581421e-02,4.368281960487365723e-01,3.263894021511077881e-01
5.766007304191589355e-02,4.489535987377166748e-01,3.450125753879547119e-01
6.237244606018066406e-02,4.548005163669586182e-01,3.438646197319030762e-01
6.556849181652069092e-02,4.516375958919525146e-01,3.406219184398651123e-01
6.656085699796676636e-02,4.471866190433502197e-01,3.376162350177764893e-01
6.336400657892227173e-02,4.408684670925140381e-01,3.350883126258850098e-01
6.048180907964706421e-02,4.416073262691497803e-01,3.380460739135742188e-01
6.258341670036315918e-02,4.439581036567687988e-01,3.379521071910858154e-01
5.946861952543258667e-02,4.352795183658599854e-01,3.324910104274749756e-01
6.456161290407180786e-02,4.474806487560272217e-01,3.416109383106231689e-01
6.056316941976547241e-02,4.358341991901397705e-01,3.353216946125030518e-01
5.773095041513442993e-02,4.352106153964996338e-01,3.371363282203674316e-01
5.647007375955581665e-02,4.234589040279388428e-01,3.275446593761444092e-01
5.880351364612579346e-02,4.321071207523345947e-01,3.326127827167510986e-01
5.823245644569396973e-02,4.260185360908508301e-01,3.288233578205108643e-01
6.022641062736511230e-02,4.140708148479461670e-01,3.183874189853668213e-01
5.648561567068099976e-02,4.199644029140472412e-01,3.245913982391357422e-01
5.992490053176879883e-02,4.145934283733367920e-01,3.206041455268859863e-01
6.113116443157196045e-02,4.146331250667572021e-01,3.191414177417755127e-01
6.370721012353897095e-02,4.043567478656768799e-01,3.123430609703063965e-01
5.951200425624847412e-02,4.056261181831359863e-01,3.127542436122894287e-01
6.300984323024749756e-02,3.949170708656311035e-01,3.055098354816436768e-01
6.366731226444244385e-02,4.176879227161407471e-01,3.221071064472198486e-01
6.364335864782333374e-02,4.110271632671356201e-01,3.168246746063232422e-01
6.413438916206359863e-02,4.116362929344177246e-01,3.194679021835327148e-01
6.522233039140701294e-02,4.065207540988922119e-01,3.110964596271514893e-01
6.423094123601913452e-02,4.008782804012298584e-01,3.117993175983428955e-01
6.147146224975585938e-02,4.060377478599548340e-01,3.154945075511932373e-01
6.141366064548492432e-02,3.933415710926055908e-01,3.085491955280303955e-01
6.187652051448822021e-02,3.980599343776702881e-01,3.124532997608184814e-01
6.085275858640670776e-02,3.905773460865020752e-01,3.064172267913818359e-01
6.055727601051330566e-02,3.740597069263458252e-01,2.952601313591003418e-01
5.727618187665939331e-02,3.964719474315643311e-01,3.150411844253540039e-01
5.732227861881256104e-02,3.876547813415527344e-01,3.092393279075622559e-01
5.537305027246475220e-02,3.927720189094543457e-01,3.153295516967773438e-01
5.647239089012145996e-02,3.965237140655517578e-01,3.160215914249420166e-01
5.236123502254486084e-02,3.926221728324890137e-01,3.149376809597015381e-01
5.715787410736083984e-02,3.916465044021606445e-01,3.148273229598999023e-01
5.477108061313629150e-02,3.909224569797515869e-01,3.149965703487396240e-01
5.665236711502075195e-02,3.846997618675231934e-01,3.124968111515045166e-01
5.822212249040603638e-02,3.867551684379577637e-01,3.133006691932678223e-01
5.737894028425216675e-02,3.939293026924133301e-01,3.149614632129669189e-01
5.650471895933151245e-02,3.897565901279449463e-01,3.123012483119964600e-01
5.788736790418624878e-02,4.000970125198364258e-01,3.205065727233886719e-01
5.706290900707244873e-02,4.046248495578765869e-01,3.237018287181854248e-01
5.532475560903549194e-02,3.988295197486877441e-01,3.233490884304046631e-01
5.619830638170242310e-02,3.956083953380584717e-01,3.173150718212127686e-01
5.458845198154449463e-02,4.031926691532135010e-01,3.240622580051422119e-01
5.727794766426086426e-02,3.928608894348144531e-01,3.179628849029541016e-01
5.854242295026779175e-02,4.008087515830993652e-01,3.224726319313049316e-01
5.813141912221908569e-02,3.955402672290802002e-01,3.189181685447692871e-01
5.879440158605575562e-02,3.906751871109008789e-01,3.178930580615997314e-01
5.783084779977798462e-02,3.769273459911346436e-01,3.076510131359100342e-01
5.447314679622650146e-02,3.831379711627960205e-01,3.110894858837127686e-01
5.667690187692642212e-02,3.932425379753112793e-01,3.172447085380554199e-01
5.561996996402740479e-02,3.829216361045837402e-01,3.127071261405944824e-01
5.612666159868240356e-02,3.977678716182708740e-01,3.215498924255371094e-01
5.795239657163619995e-02,3.895245492458343506e-01,3.175290524959564209e-01
6.040678918361663818e-02,3.882279694080352783e-01,3.192944228649139404e-01
6.066970527172088623e-02,3.780542016029357910e-01,3.091024458408355713e-01
6.382163614034652710e-02,3.758725821971893311e-01,3.099992573261260986e-01
6.149283796548843384e-02,3.636895120143890381e-01,2.972913682460784912e-01
5.881518870592117310e-02,3.577128350734710693e-01,2.963318228721618652e-01
5.921705812215805054e-02,3.541044890880584717e-01,2.937165200710296631e-01
5.872612446546554565e-02,3.477922677993774414e-01,2.885417342185974121e-01
6.633754819631576538e-02,3.676334321498870850e-01,3.001771867275238037e-01
6.578105688095092773e-02,3.511435389518737793e-01,2.878958582878112793e-01
5.964240431785583496e-02,3.422165811061859131e-01,2.839657366275787354e-01
6.501626223325729370e-02,3.548687398433685303e-01,2.913667857646942139e-01
6.382849812507629395e-02,3.475734293460845947e-01,2.875446081161499023e-01
6.288860738277435303e-02,3.531135022640228271e-01,2.900636792182922363e-01
5.859378725290298462e-02,3.432230353355407715e-01,2.812481820583343506e-01
5.406922101974487305e-02,3.281494677066802979e-01,2.717647552490234375e-01
5.324236303567886353e-02,3.297572731971740723e-01,2.718789577484130859e-01
5.533105134963989258e-02,3.356772959232330322e-01,2.758567631244659424e-01
5.274065583944320679e-02,3.281973302364349365e-01,2.711574137210845947e-01
4.635491222143173218e-02,3.111197650432586670e-01,2.590194046497344971e-01
5.065341293811798096e-02,3.193337917327880859e-01,2.622307837009429932e-01
4.831802845001220703e-02,3.067978620529174805e-01,2.554070353507995605e-01
5.975362658500671387e-02,3.306673765182495117e-01,2.704673707485198975e-01
4.895200580358505249e-02,2.857509851455688477e-01,2.387709617614746094e-01
5.815625935792922974e-02,3.065308034420013428e-01,2.493441998958587646e-01
5.651946365833282471e-02,2.988804578781127930e-01,2.449089586734771729e-01
5.770928412675857544e-02,3.096355199813842773e-01,2.521762549877166748e-01
5.486159771680831909e-02,3.079183399677276611e-01,2.524183690547943115e-01
5.670619010925292969e-02,3.109374642372131348e-01,2.512869536876678467e-01
5.451758205890655518e-02,3.126579523086547852e-01,2.542360126972198486e-01
4.940385371446609497e-02,3.047028779983520508e-01,2.495799064636230469e-01
4.642859101295471191e-02,2.949487268924713135e-01,2.443954348564147949e-01
5.047955363988876343e-02,2.939503192901611328e-01,2.418960332870483398e-01
4.725841432809829712e-02,2.874068319797515869e-01,2.376879751682281494e-01
5.640125274658203125e-02,2.928376793861389160e-01,2.405853271484375000e-01
5.921496450901031494e-02,2.949830591678619385e-01,2.420614659786224365e-01
6.289095431566238403e-02,3.069029450416564941e-01,2.513271570205688477e-01
6.480420380830764771e-02,3.138645291328430176e-01,2.547813951969146729e-01
6.804399192333221436e-02,3.161068856716156006e-01,2.574188709259033203e-01
7.036206871271133423e-02,3.165763020515441895e-01,2.593107223510742188e-01
6.725269556045532227e-02,3.054859340190887451e-01,2.524182498455047607e-01
7.093463093042373657e-02,3.087050318717956543e-01,2.514365613460540771e-01
6.908028572797775269e-02,3.123691678047180176e-01,2.545578777790069580e-01
7.044497877359390259e-02,3.051106035709381104e-01,2.465476691722869873e-01
6.866053491830825806e-02,3.037280142307281494e-01,2.439074814319610596e-01
6.654763221740722656e-02,2.980644106864929199e-01,2.403634786605834961e-01
7.359773665666580200e-02,3.149627447128295898e-01,2.504661381244659424e-01
7.317400723695755005e-02,3.083008229732513428e-01,2.440634369850158691e-01
7.274691760540008545e-02,3.057184815406799316e-01,2.433639466762542725e-01
6.263680011034011841e-02,2.861955463886260986e-01,2.322494983673095703e-01
6.778696924448013306e-02,2.953491806983947754e-01,2.378650009632110596e-01
6.378123909235000610e-02,2.928017079830169678e-01,2.367447316646575928e-01
6.447741389274597168e-02,2.834804058074951172e-01,2.293987274169921875e-01
6.293495744466781616e-02,2.795074284076690674e-01,2.280572950839996338e-01
6.253663450479507446e-02,2.761822342872619629e-01,2.241412401199340820e-01
6.102801859378814697e-02,2.775188386440277100e-01,2.241454124450683594e-01
5.983106791973114014e-02,2.739948332309722900e-01,2.220300137996673584e-01
6.393639743328094482e-02,2.811930775642395020e-01,2.265927195549011230e-01
6.448973715305328369e-02,2.808003425598144531e-01,2.253702878952026367e-01
6.470995396375656128e-02,2.877791821956634521e-01,2.318739891052246094e-01
6.334588676691055298e-02,2.786782979965209961e-01,2.255486249923706055e-01
6.480057537555694580e-02,2.789327800273895264e-01,2.236575186252593994e-01
6.520804017782211304e-02,2.807652354240417480e-01,2.231973707675933838e-01
6.701842695474624634e-02,2.817727327346801758e-01,2.249957919120788574e-01
6.587042659521102905e-02,2.839330434799194336e-01,2.267688214778900146e-01
6.560861319303512573e-02,2.737514972686767578e-01,2.167981266975402832e-01
6.819642335176467896e-02,2.788306474685668945e-01,2.176284790039062500e-01
6.976938992738723755e-02,2.880708575248718262e-01,2.251925170421600342e-01
6.627471745014190674e-02,2.838298380374908447e-01,2.221336066722869873e-01
6.698449701070785522e-02,2.873443365097045898e-01,2.260287702083587646e-01
6.810744106769561768e-02,2.809454798698425293e-01,2.168938219547271729e-01
6.742998957633972168e-02,2.765688896179199219e-01,2.152310907840728760e-01
6.202249228954315186e-02,2.611322700977325439e-01,2.038492858409881592e-01
6.578685343265533447e-02,2.620725631713867188e-01,2.035154700279235840e-01
7.121226936578750610e-02,2.754046916961669922e-01,2.143200933933258057e-01
6.972843408584594727e-02,2.633407413959503174e-01,2.057747244834899902e-01
6.953842192888259888e-02,2.670118510723114014e-01,2.077665030956268311e-01
6.983950734138488770e-02,2.638409733772277832e-01,2.034760117530822754e-01
6.358267366886138916e-02,2.449072897434234619e-01,1.894585788249969482e-01
6.993929296731948853e-02,2.585735321044921875e-01,2.037960290908813477e-01
6.742264330387115479e-02,2.547937631607055664e-01,1.998524367809295654e-01
7.109110057353973389e-02,2.504045963287353516e-01,1.991738677024841309e-01
6.980597227811813354e-02,2.428598999977111816e-01,1.923007071018218994e-01
6.539317220449447632e-02,2.423556745052337646e-01,1.908113658428192139e-01
6.313799321651458740e-02,2.336097359657287598e-01,1.826453506946563721e-01
6.083092093467712402e-02,2.299853861331939697e-01,1.789113283157348633e-01
5.889230221509933472e-02,2.254123687744140625e-01,1.762221157550811768e-01
6.183324009180068970e-02,2.383643090724945068e-01,1.854006350040435791e-01
6.473831087350845337e-02,2.462346851825714111e-01,1.915515661239624023e-01
7.106847316026687622e-02,2.525222003459930420e-01,1.989094316959381104e-01
7.017961889505386353e-02,2.561954259872436523e-01,1.999242305755615234e-01
7.394834607839584351e-02,2.541410028934478760e-01,2.041296064853668213e-01
8.118622750043869019e-02,2.619597315788269043e-01,2.113795578479766846e-01
8.432399481534957886e-02,2.641029357910156250e-01,2.153249680995941162e-01
9.126451611518859863e-02,2.662004530429840088e-01,2.198070287704467773e-01
9.408824145793914795e-02,2.696314454078674316e-01,2.262027561664581299e-01
9.448016434907913208e-02,2.702232897281646729e-01,2.231710553169250488e-01
8.913567662239074707e-02,2.746216952800750732e-01,2.177758812904357910e-01
9.047942608594894409e-02,2.739375531673431396e-01,2.184284329414367676e-01
8.740339428186416626e-02,2.695505321025848389e-01,2.177606523036956787e-01
8.443439751863479614e-02,2.676239013671875000e-01,2.172766625881195068e-01
8.474872261285781860e-02,2.674914598464965820e-01,2.177464067935943604e-01
8.872291445732116699e-02,2.677028179168701172e-01,2.209749817848205566e-01
8.913875371217727661e-02,2.660591006278991699e-01,2.169775664806365967e-01
8.622284233570098877e-02,2.684672176837921143e-01,2.137910723686218262e-01
9.502301365137100220e-02,2.774183750152587891e-01,2.181357443332672119e-01
9.924960136413574219e-02,2.793260514736175537e-01,2.210412323474884033e-01
9.801498055458068848e-02,2.852385342121124268e-01,2.208456695079803467e-01
9.476022422313690186e-02,2.751538753509521484e-01,2.140977680683135986e-01
9.168894588947296143e-02,2.732145786285400391e-01,2.105793654918670654e-01
9.650432318449020386e-02,2.748778164386749268e-01,2.127038538455963135e-01
9.376189112663269043e-02,2.740119695663452148e-01,2.075716555118560791e-01
1.003157719969749451e-01,2.744728326797485352e-01,2.114109694957733154e-01
9.838616102933883667e-02,2.708753645420074463e-01,2.079180479049682617e-01
1.006830558180809021e-01,2.761020064353942871e-01,2.110787928104400635e-01
9.568531066179275513e-02,2.651690244674682617e-01,2.041183412075042725e-01
9.063367545604705811e-02,2.648752927780151367e-01,1.986028254032135010e-01
8.980467170476913452e-02,2.627855539321899414e-01,1.979686319828033447e-01
9.347198903560638428e-02,2.629405558109283447e-01,2.011378705501556396e-01
9.505670517683029175e-02,2.612031996250152588e-01,1.998078823089599609e-01
9.848667681217193604e-02,2.631081044673919678e-01,2.024514079093933105e-01
1.006656512618064880e-01,2.652342617511749268e-01,2.037035524845123291e-01
9.895548224449157715e-02,2.670962214469909668e-01,2.018632590770721436e-01
9.886949509382247925e-02,2.602120935916900635e-01,2.006767094135284424e-01
9.674935042858123779e-02,2.609755098819732666e-01,1.992765069007873535e-01
9.846363216638565063e-02,2.659344077110290527e-01,2.033028602600097656e-01
9.035398811101913452e-02,2.682510912418365479e-01,1.986033022403717041e-01
8.782285451889038086e-02,2.652034163475036621e-01,1.979765594005584717e-01
9.089609235525131226e-02,2.622700929641723633e-01,1.964210569858551025e-01
9.151206165552139282e-02,2.636506259441375732e-01,1.956464946269989014e-01
9.022443741559982300e-02,2.644135653972625732e-01,1.982227265834808350e-01
9.029567986726760864e-02,2.613838315010070801e-01,1.956706941127777100e-01
9.410688281059265137e-02,2.662949264049530029e-01,1.986873447895050049e-01
9.522467106580734253e-02,2.678957879543304443e-01,1.994263827800750732e-01
9.359733760356903076e-02,2.659247219562530518e-01,1.979674994945526123e-01
9.469924122095108032e-02,2.684696018695831299e-01,2.003580927848815918e-01
1.000998690724372864e-01,2.685409486293792725e-01,2.030216157436370850e-01
9.749341756105422974e-02,2.660537660121917725e-01,1.977340877056121826e-01
1.008764207363128662e-01,2.669195830821990967e-01,2.013308107852935791e-01
1.009522005915641785e-01,2.693866491317749023e-01,2.023435533046722412e-01
1.037723794579505920e-01,2.752532660961151123e-01,2.039090692996978760e-01
9.747547656297683716e-02,2.685186862945556641e-01,1.998104751110076904e-01
9.641245752573013306e-02,2.656615972518920898e-01,2.003351151943206787e-01
9.687921404838562012e-02,2.683817148208618164e-01,2.005605697631835938e-01
1.021087840199470520e-01,2.740770876407623291e-01,2.041460275650024414e-01
1.038052216172218323e-01,2.737248539924621582e-01,2.026247084140777588e-01
1.056939288973808289e-01,2.738456428050994873e-01,2.042390704154968262e-01
1.120795682072639465e-01,2.787225544452667236e-01,2.107725441455841064e-01
1.107267364859580994e-01,2.743180394172668457e-01,2.078380882740020752e-01
1.156159117817878723e-01,2.800058424472808838e-01,2.144979536533355713e-01
1.250385344028472900e-01,2.877418398857116699e-01,2.257114648818969727e-01
1.267283856868743896e-01,2.906952202320098877e-01,2.306551635265350342e-01
1.248947754502296448e-01,2.861867547035217285e-01,2.294163405895233154e-01
1.255074739456176758e-01,2.860921323299407959e-01,2.303176522254943848e-01
1.209916099905967712e-01,2.823242843151092529e-01,2.236464321613311768e-01
1.226630285382270813e-01,2.823620736598968506e-01,2.273633480072021484e-01
1.237746849656105042e-01,2.807159125804901123e-01,2.282497584819793701e-01
1.214613541960716248e-01,2.810685336589813232e-01,2.278623878955841064e-01
1.197885498404502869e-01,2.745740413665771484e-01,2.202123701572418213e-01
1.239389255642890930e-01,2.820856571197509766e-01,2.287770211696624756e-01
1.265873312950134277e-01,2.849241793155670166e-01,2.339406609535217285e-01
1.261968612670898438e-01,2.825295627117156982e-01,2.341619431972503662e-01
1.270355135202407837e-01,2.825453877449035645e-01,2.326144874095916748e-01
1.253709495067596436e-01,2.832055389881134033e-01,2.305217683315277100e-01
1.262210905551910400e-01,2.823117077350616455e-01,2.298700511455535889e-01
1.281480491161346436e-01,2.827704250812530518e-01,2.327553927898406982e-01
1.257064640522003174e-01,2.787152528762817383e-01,2.325620651245117188e-01
1.233755126595497131e-01,2.745271027088165283e-01,2.286314666271209717e-01
1.271573603153228760e-01,2.798194885253906250e-01,2.336848378181457520e-01
1.259396225214004517e-01,2.794625461101531982e-01,2.337459027767181396e-01
1.322142481803894043e-01,2.873413562774658203e-01,2.392342984676361084e-01
1.276849210262298584e-01,2.789028882980346680e-01,2.305308282375335693e-01
1.267976611852645874e-01,2.757007181644439697e-01,2.290131747722625732e-01
1.287232190370559692e-01,2.816440463066101074e-01,2.324239313602447510e-01
1.304936856031417847e-01,2.838391661643981934e-01,2.339241802692413330e-01
1.324553042650222778e-01,2.872641384601593018e-01,2.358659803867340088e-01
1.315425038337707520e-01,2.879917025566101074e-01,2.351180016994476318e-01
1.362830400466918945e-01,2.929507195949554443e-01,2.384800016880035400e-01
1.310259103775024414e-01,2.855602800846099854e-01,2.298659384250640869e-01
1.348008215427398682e-01,2.891591787338256836e-01,2.318600714206695557e-01
1.377514004707336426e-01,2.968752980232238770e-01,2.391993105411529541e-01
1.404968351125717163e-01,3.001478314399719238e-01,2.407768666744232178e-01
1.375848203897476196e-01,2.950931191444396973e-01,2.348480820655822754e-01
1.380253434181213379e-01,2.962193191051483154e-01,2.351077497005462646e-01
1.374000757932662964e-01,2.946115434169769287e-01,2.344878613948822021e-01
1.381383538246154785e-01,2.937920391559600830e-01,2.324919402599334717e-01
1.342865526676177979e-01,2.893559038639068604e-01,2.278498113155364990e-01
1.331946402788162231e-01,2.875593602657318115e-01,2.285080254077911377e-01
1.411886513233184814e-01,2.972145974636077881e-01,2.356937825679779053e-01
1.434915512800216675e-01,3.012443482875823975e-01,2.391895949840545654e-01
1.434300690889358521e-01,2.990783751010894775e-01,2.387600839138031006e-01
1.358892917633056641e-01,2.912252843379974365e-01,2.367526590824127197e-01
1.351749300956726074e-01,2.868535816669464111e-01,2.300582528114318848e-01
1.342720389366149902e-01,2.827681303024291992e-01,2.274024784564971924e-01
1.388487368822097778e-01,2.930797338485717773e-01,2.328694164752960205e-01
1.399568021297454834e-01,2.947122454643249512e-01,2.303036153316497803e-01
1.456582844257354736e-01,2.960251867771148682e-01,2.328304350376129150e-01
1.453056037425994873e-01,2.940601408481597900e-01,2.313682138919830322e-01
1.437302976846694946e-01,2.921764850616455078e-01,2.306697666645050049e-01
1.450843811035156250e-01,2.926884591579437256e-01,2.302884757518768311e-01
1.463994234800338745e-01,2.909118831157684326e-01,2.312813103199005127e-01
1.445794403553009033e-01,2.929893136024475098e-01,2.330136895179748535e-01
1.477317959070205688e-01,2.931027412414550781e-01,2.320284545421600342e-01
1.458077430725097656e-01,2.898876667022705078e-01,2.291471660137176514e-01
1.509329378604888916e-01,2.981676757335662842e-01,2.363608181476593018e-01
1.526263803243637085e-01,2.995295524597167969e-01,2.381328642368316650e-01
1.519352495670318604e-01,2.998643815517425537e-01,2.371450066566467285e-01
1.536558568477630615e-01,3.027051091194152832e-01,2.395100295543670654e-01
1.552550494670867920e-01,3.062960207462310791e-01,2.429421246051788330e-01
1.543445289134979248e-01,3.046576082706451416e-01,2.396455705165863037e-01
1.531610786914825439e-01,3.039092421531677246e-01,2.388459146022796631e-01
1.584804505109786987e-01,3.059283792972564697e-01,2.442044317722320557e-01
1.600087881088256836e-01,3.130744099617004395e-01,2.499993741512298584e-01
1.606032252311706543e-01,3.126228153705596924e-01,2.458784282207489014e-01
1.628904640674591064e-01,3.173351287841796875e-01,2.489313781261444092e-01
1.634655594825744629e-01,3.240911662578582764e-01,2.551086246967315674e-01
1.655921339988708496e-01,3.258704543113708496e-01,2.548363506793975830e-01
1.678061485290527344e-01,3.309907913208007812e-01,2.595389783382415771e-01
1.663684099912643433e-01,3.318481743335723877e-01,2.579673826694488525e-01
1.692425459623336792e-01,3.373079895973205566e-01,2.653041779994964600e-01
1.665210425853729248e-01,3.357642590999603271e-01,2.654042840003967285e-01
1.690372228622436523e-01,3.390591144561767578e-01,2.670912146568298340e-01
1.714889109134674072e-01,3.463717103004455566e-01,2.725286781787872314e-01
1.721670925617218018e-01,3.434128165245056152e-01,2.706573903560638428e-01
1.633122265338897705e-01,3.331790268421173096e-01,2.624500691890716553e-01
1.727032512426376343e-01,3.465188145637512207e-01,2.708715498447418213e-01
1.766442358493804932e-01,3.485330343246459961e-01,2.745888233184814453e-01
1.742921471595764160e-01,3.463900685310363770e-01,2.701273858547210693e-01
1.709350943565368652e-01,3.428165912628173828e-01,2.697816193103790283e-01
1.825384199619293213e-01,3.575937151908874512e-01,2.792492210865020752e-01
1.746765673160552979e-01,3.428246676921844482e-01,2.666709721088409424e-01
1.827751100063323975e-01,3.570542633533477783e-01,2.774623334407806396e-01
1.797289997339248657e-01,3.479470014572143555e-01,2.704121172428131104e-01
1.759947389364242554e-01,3.441816270351409912e-01,2.640142738819122314e-01
1.883394122123718262e-01,3.620953857898712158e-01,2.780403494834899902e-01
1.916986107826232910e-01,3.651928603649139404e-01,2.793845832347869873e-01
1.884908527135848999e-01,3.618163466453552246e-01,2.735895216464996338e-01
1.845233738422393799e-01,3.524071574211120605e-01,2.632133066654205322e-01
1.916540265083312988e-01,3.642205893993377686e-01,2.712099850177764893e-01
1.796898990869522095e-01,3.462915122509002686e-01,2.597230374813079834e-01
1.809908449649810791e-01,3.464151918888092041e-01,2.599706947803497314e-01
1.897620111703872681e-01,3.569232821464538574e-01,2.679976224899291992e-01
1.944160014390945435e-01,3.592887222766876221e-01,2.680617868900299072e-01
2.041618525981903076e-01,3.735441267490386963e-01,2.809714376926422119e-01
1.973211765289306641e-01,3.642619848251342773e-01,2.735621631145477295e-01
2.116234749555587769e-01,3.836758434772491455e-01,2.884211242198944092e-01
2.076428085565567017e-01,3.774797320365905762e-01,2.824971675872802734e-01
2.206507623195648193e-01,3.941175937652587891e-01,2.943801581859588623e-01
2.175356298685073853e-01,3.851299583911895752e-01,2.863372862339019775e-01
2.180642187595367432e-01,3.860936462879180908e-01,2.814109027385711670e-01
2.248050868511199951e-01,3.956805765628814697e-01,2.872875034809112549e-01
2.232074737548828125e-01,3.900271058082580566e-01,2.826935350894927979e-01
2.151450216770172119e-01,3.808154165744781494e-01,2.759158313274383545e-01
2.199361622333526611e-01,3.825822770595550537e-01,2.758770287036895752e-01
2.019775807857513428e-01,3.574900329113006592e-01,2.542077600955963135e-01
1.982650756835937500e-01,3.552131652832031250e-01,2.517932355403900146e-01
1.974912732839584351e-01,3.567735850811004639e-01,2.547042667865753174e-01
1.993831396102905273e-01,3.584832251071929932e-01,2.539518475532531738e-01
2.018600404262542725e-01,3.646296858787536621e-01,2.594276964664459229e-01
2.100163698196411133e-01,3.740272521972656250e-01,2.639146149158477783e-01
2.010274976491928101e-01,3.645459711551666260e-01,2.565109729766845703e-01
2.031533122062683105e-01,3.624305725097656250e-01,2.564331591129302979e-01
2.149568796157836914e-01,3.775657713413238525e-01,2.678982615470886230e-01
2.126987129449844360e-01,3.747976720333099365e-01,2.647216022014617920e-01
2.128660082817077637e-01,3.741962313652038574e-01,2.682861983776092529e-01
2.115358412265777588e-01,3.779358863830566406e-01,2.706711590290069580e-01
2.204703837633132935e-01,3.906803429126739502e-01,2.792914807796478271e-01
2.167142927646636963e-01,3.843396008014678955e-01,2.771923840045928955e-01
2.174356132745742798e-01,3.869068920612335205e-01,2.790998220443725586e-01
2.149149775505065918e-01,3.849706053733825684e-01,2.822003066539764404e-01
2.221181988716125488e-01,3.951756954193115234e-01,2.898258864879608154e-01
2.253487259149551392e-01,3.984048664569854736e-01,2.922705709934234619e-01
2.314650714397430420e-01,4.065087139606475830e-01,2.987875342369079590e-01
2.257628440856933594e-01,3.974534869194030762e-01,2.913753390312194824e-01
2.282354533672332764e-01,4.019954800605773926e-01,2.945076227188110352e-01
2.271572649478912354e-01,4.016358256340026855e-01,2.929784357547760010e-01
2.334754765033721924e-01,4.108904898166656494e-01,2.968089282512664795e-01
2.227840423583984375e-01,3.939216434955596924e-01,2.845403254032135010e-01
2.471920847892761230e-01,4.289590418338775635e-01,3.110646009445190430e-01
2.352090775966644287e-01,4.144494235515594482e-01,2.996430695056915283e-01
2.348550260066986084e-01,4.120185971260070801e-01,2.974142134189605713e-01
2.332164943218231201e-01,4.076384007930755615e-01,2.932251393795013428e-01
2.373439371585845947e-01,4.152767658233642578e-01,3.003643155097961426e-01
2.360246479511260986e-01,4.155820310115814209e-01,2.979729473590850830e-01
2.582343518733978271e-01,4.483430683612823486e-01,3.202647268772125244e-01
2.545844912528991699e-01,4.443290531635284424e-01,3.165427148342132568e-01
2.580454647541046143e-01,4.495433568954467773e-01,3.197005391120910645e-01
2.678610980510711670e-01,4.606409370899200439e-01,3.261791169643402100e-01
2.532283067703247070e-01,4.251537322998046875e-01,2.979311645030975342e-01
2.785142362117767334e-01,4.587357342243194580e-01,3.260127902030944824e-01
2.761839330196380615e-01,4.593994915485382080e-01,3.244363367557525635e-01
2.758812606334686279e-01,4.553308188915252686e-01,3.222585618495941162e-01
2.747649848461151123e-01,4.516451954841613770e-01,3.184464871883392334e-01
2.735900282859802246e-01,4.548049867153167725e-01,3.170095682144165039e-01
2.740475535392761230e-01,4.501658976078033447e-01,3.144629001617431641e-01
2.729449570178985596e-01,4.476419985294342041e-01,3.143877685070037842e-01
2.639224529266357422e-01,4.326313436031341553e-01,3.029040396213531494e-01
2.523656487464904785e-01,4.167907238006591797e-01,2.909649312496185303e-01
2.592623531818389893e-01,4.265697598457336426e-01,2.981628477573394775e-01
2.578810155391693115e-01,4.270739257335662842e-01,2.993228733539581299e-01
2.751482427120208740e-01,4.646908342838287354e-01,3.298219144344329834e-01
2.691822350025177002e-01,4.530227184295654297e-01,3.205255568027496338e-01
2.670603096485137939e-01,4.487328827381134033e-01,3.180116117000579834e-01
2.734613716602325439e-01,4.590087532997131348e-01,3.253389596939086914e-01
2.687675058841705322e-01,4.466724693775177002e-01,3.168790638446807861e-01
2.688257992267608643e-01,4.485242366790771484e-01,3.166946470737457275e-01
2.722351551055908203e-01,4.517226517200469971e-01,3.180424869060516357e-01
2.753112316131591797e-01,4.590395390987396240e-01,3.223970234394073486e-01
2.709385454654693604e-01,4.499897658824920654e-01,3.158305585384368896e-01
2.700280845165252686e-01,4.485683441162109375e-01,3.129232823848724365e-01
2.762881815433502197e-01,4.580524265766143799e-01,3.213386833667755127e-01
2.702341377735137939e-01,4.462827146053314209e-01,3.151096105575561523e-01
2.686184942722320557e-01,4.419975578784942627e-01,3.119457960128784180e-01
2.661693096160888672e-01,4.384065270423889160e-01,3.086956143379211426e-01
2.688989341259002686e-01,4.434344470500946045e-01,3.121046721935272217e-01
2.567072212696075439e-01,4.238992631435394287e-01,2.993327081203460693e-01
2.453859150409698486e-01,4.072494506835937500e-01,2.860399782657623291e-01
2.394545674324035645e-01,3.980391621589660645e-01,2.810622751712799072e-01
2.302332222461700439e-01,3.814737200736999512e-01,2.693389952182769775e-01
2.398177385330200195e-01,3.918374478816986084e-01,2.777147591114044189e-01
2.500464916229248047e-01,4.105090796947479248e-01,2.908901870250701904e-01
2.511653602123260498e-01,4.110080897808074951e-01,2.906669080257415771e-01
2.626139819622039795e-01,4.284746050834655762e-01,3.013717830181121826e-01
2.614137232303619385e-01,4.298973083496093750e-01,3.027045428752899170e-01
2.614893615245819092e-01,4.330033361911773682e-01,3.037495315074920654e-01
2.589922249317169189e-01,4.245696067810058594e-01,2.973268628120422363e-01
2.636588513851165771e-01,4.394774734973907471e-01,3.055976331233978271e-01
2.657678425312042236e-01,4.365210831165313721e-01,3.042028844356536865e-01
2.675509750843048096e-01,4.454399049282073975e-01,3.087595105171203613e-01
2.642473876476287842e-01,4.368229210376739502e-01,3.011844158172607422e-01
2.334110736846923828e-01,3.688594698905944824e-01,2.565977871417999268e-01
2.551274001598358154e-01,3.987573683261871338e-01,2.741973698139190674e-01
2.579803764820098877e-01,4.061924219131469727e-01,2.799147069454193115e-01
2.494267523288726807e-01,3.955164253711700439e-01,2.725283205509185791e-01
2.573441565036773682e-01,4.101576805114746094e-01,2.823998332023620605e-01
2.526436746120452881e-01,4.009411931037902832e-01,2.762376070022583008e-01
2.556967139244079590e-01,4.007997214794158936e-01,2.764372229576110840e-01
2.512778937816619873e-01,3.949608504772186279e-01,2.723121941089630127e-01
2.460891902446746826e-01,3.861760795116424561e-01,2.670901119709014893e-01
2.564303576946258545e-01,4.042489826679229736e-01,2.783602774143218994e-01
2.615676820278167725e-01,4.135064780712127686e-01,2.846359312534332275e-01
2.606433928012847900e-01,4.055564701557159424e-01,2.812723219394683838e-01
2.567692995071411133e-01,4.066110849380493164e-01,2.814035117626190186e-01
2.636305689811706543e-01,4.100787937641143799e-01,2.838566899299621582e-01
2.564487159252166748e-01,4.027175307273864746e-01,2.782450020313262939e-01
2.629384696483612061e-01,4.170114994049072266e-01,2.877458035945892334e-01
2.635610401630401611e-01,4.184176027774810791e-01,2.883363068103790283e-01
2.667691409587860107e-01,4.213003218173980713e-01,2.895087599754333496e-01
2.664739191532135010e-01,4.177398085594177246e-01,2.877669632434844971e-01
2.678658366203308105e-01,4.182445108890533447e-01,2.878782451152801514e-01
2.715336084365844727e-01,4.275565445423126221e-01,2.929079830646514893e-01
2.623602449893951416e-01,4.143425822257995605e-01,2.849730551242828369e-01
2.681197524070739746e-01,4.197316765785217285e-01,2.875423729419708252e-01
2.672363221645355225e-01,4.185461699962615967e-01,2.876749932765960693e-01
2.708387672901153564e-01,4.218277633190155029e-01,2.901048958301544189e-01
2.625288665294647217e-01,4.118814766407012939e-01,2.835145294666290283e-01
2.613442838191986084e-01,4.052868187427520752e-01,2.797739207744598389e-01
2.563219964504241943e-01,4.021210372447967529e-01,2.792294025421142578e-01
2.534712255001068115e-01,3.935670554637908936e-01,2.726160585880279541e-01
2.516889870166778564e-01,3.883972764015197754e-01,2.699163258075714111e-01
2.489687204360961914e-01,3.866392374038696289e-01,2.686496675014495850e-01
2.501993179321289062e-01,3.908782899379730225e-01,2.718084752559661865e-01
2.485730946063995361e-01,3.879672884941101074e-01,2.702960073947906494e-01
2.455796897411346436e-01,3.823199868202209473e-01,2.659583091735839844e-01
2.466509342193603516e-01,3.821215033531188965e-01,2.665879428386688232e-01
2.466570436954498291e-01,3.826550245285034180e-01,2.665128707885742188e-01
2.451534569263458252e-01,3.836688101291656494e-01,2.672465741634368896e-01
2.490740120410919189e-01,3.882798552513122559e-01,2.707474231719970703e-01
2.446571290493011475e-01,3.782584965229034424e-01,2.636953294277191162e-01
2.570889294147491455e-01,4.004714190959930420e-01,2.788859903812408447e-01
2.639903128147125244e-01,4.102373123168945312e-01,2.847032248973846436e-01
2.652077376842498779e-01,4.166823029518127441e-01,2.879012227058410645e-01
2.624486982822418213e-01,4.051363766193389893e-01,2.816195487976074219e-01
2.636036574840545654e-01,4.074852466583251953e-01,2.825525701045989990e-01
2.659501135349273682e-01,4.063176810741424561e-01,2.818439900875091553e-01
2.621228396892547607e-01,4.028628170490264893e-01,2.806792557239532471e-01
2.661311924457550049e-01,4.059707820415496826e-01,2.830035984516143799e-01
2.635472714900970459e-01,4.002459943294525146e-01,2.788102924823760986e-01
2.568413913249969482e-01,3.934000730514526367e-01,2.733331024646759033e-01
2.582016885280609131e-01,3.978406488895416260e-01,2.775415480136871338e-01
2.632455825805664062e-01,4.026286900043487549e-01,2.808452546596527100e-01
2.621404230594635010e-01,3.999750018119812012e-01,2.795508205890655518e-01
2.516739666461944580e-01,3.845550417900085449e-01,2.691393196582794189e-01
2.509948015213012695e-01,3.820729255676269531e-01,2.662995159626007080e-01
2.604198753833770752e-01,3.977461159229278564e-01,2.782529294490814209e-01
2.572719752788543701e-01,3.927631080150604248e-01,2.740588486194610596e-01
2.683922648429870605e-01,4.085190296173095703e-01,2.850653231143951416e-01
2.558880746364593506e-01,3.930998444557189941e-01,2.744100391864776611e-01
2.404769659042358398e-01,3.690448105335235596e-01,2.567356228828430176e-01
2.287724614143371582e-01,3.559330999851226807e-01,2.478153705596923828e-01
2.415193915367126465e-01,3.769764900207519531e-01,2.627986371517181396e-01
2.402265369892120361e-01,3.797089159488677979e-01,2.631462514400482178e-01
2.574459910392761230e-01,4.030317664146423340e-01,2.805118262767791748e-01
2.591167986392974854e-01,4.060629606246948242e-01,2.838887870311737061e-01
2.601995170116424561e-01,4.067060649394989014e-01,2.847640812397003174e-01
2.562555074691772461e-01,3.975321948528289795e-01,2.784582674503326416e-01
2.578120827674865723e-01,4.053740799427032471e-01,2.827244102954864502e-01
2.572917044162750244e-01,4.058634042739868164e-01,2.821593582630157471e-01
2.450754940509796143e-01,3.869214057922363281e-01,2.695083022117614746e-01
2.301666438579559326e-01,3.656551837921142578e-01,2.531416714191436768e-01
2.436563074588775635e-01,3.832092881202697754e-01,2.659051418304443359e-01
2.253696769475936890e-01,3.575839102268218994e-01,2.474149465560913086e-01
2.262328714132308960e-01,3.572696745395660400e-01,2.465456426143646240e-01
2.392297089099884033e-01,3.761723339557647705e-01,2.609150111675262451e-01
2.444344162940979004e-01,3.828453421592712402e-01,2.654212415218353271e-01
2.414783835411071777e-01,3.802075386047363281e-01,2.628369629383087158e-01
2.274432480335235596e-01,3.628279268741607666e-01,2.510301768779754639e-01
2.322415411472320557e-01,3.722386658191680908e-01,2.587396800518035889e-01
2.299090325832366943e-01,3.728250563144683838e-01,2.596133053302764893e-01
2.100479602813720703e-01,3.467921018600463867e-01,2.425160109996795654e-01
2.114324122667312622e-01,3.529973626136779785e-01,2.478336393833160400e-01
2.117036283016204834e-01,3.572677075862884521e-01,2.518121898174285889e-01
2.293547391891479492e-01,3.867722749710083008e-01,2.738819420337677002e-01
2.213320434093475342e-01,3.770925700664520264e-01,2.689566612243652344e-01
2.256710827350616455e-01,3.856161534786224365e-01,2.744599580764770508e-01
2.121751308441162109e-01,3.692411482334136963e-01,2.628112137317657471e-01
2.198050618171691895e-01,3.778981268405914307e-01,2.701202929019927979e-01
2.217814922332763672e-01,3.806540369987487793e-01,2.734118700027465820e-01
2.182671278715133667e-01,3.721107244491577148e-01,2.684821784496307373e-01
2.071419507265090942e-01,3.577148318290710449e-01,2.597739100456237793e-01
1.952835768461227417e-01,3.412611782550811768e-01,2.492325901985168457e-01
1.846352219581604004e-01,3.264051973819732666e-01,2.391816675662994385e-01
1.933270245790481567e-01,3.407516479492187500e-01,2.478657662868499756e-01
1.838426440954208374e-01,3.302257359027862549e-01,2.439472973346710205e-01
2.002926170825958252e-01,3.541822135448455811e-01,2.583520710468292236e-01
1.957929730415344238e-01,3.482189774513244629e-01,2.557959556579589844e-01
1.691282093524932861e-01,3.127679824829101562e-01,2.296709120273590088e-01
1.737204194068908691e-01,3.170666694641113281e-01,2.310365736484527588e-01
1.741341948509216309e-01,3.173297941684722900e-01,2.327229380607604980e-01
1.858664751052856445e-01,3.299552500247955322e-01,2.411242425441741943e-01
1.734958291053771973e-01,3.146578073501586914e-01,2.283481955528259277e-01
1.684342324733734131e-01,3.121306598186492920e-01,2.303288877010345459e-01
1.708976030349731445e-01,3.141357600688934326e-01,2.319838106632232666e-01
1.749255359172821045e-01,3.181422352790832520e-01,2.365980446338653564e-01
1.770680546760559082e-01,3.217889666557312012e-01,2.389966845512390137e-01
1.857600957155227661e-01,3.311822712421417236e-01,2.430811822414398193e-01
1.971772015094757080e-01,3.477404117584228516e-01,2.560975849628448486e-01
1.925240457057952881e-01,3.430120348930358887e-01,2.540325820446014404e-01
1.803152561187744141e-01,3.254707157611846924e-01,2.447002232074737549e-01
1.784329563379287720e-01,3.241202831268310547e-01,2.421534955501556396e-01
1.790952682495117188e-01,3.245649933815002441e-01,2.435025572776794434e-01
1.719881296157836914e-01,3.161216378211975098e-01,2.376159131526947021e-01
1.712662577629089355e-01,3.152837455272674561e-01,2.373744547367095947e-01
1.659321188926696777e-01,3.067901432514190674e-01,2.299383580684661865e-01
1.634789407253265381e-01,3.040847778320312500e-01,2.322960793972015381e-01
1.684484332799911499e-01,3.079950213432312012e-01,2.344510853290557861e-01
1.732674837112426758e-01,3.174046576023101807e-01,2.392651140689849854e-01
1.717962026596069336e-01,3.129150569438934326e-01,2.386688292026519775e-01
1.707903891801834106e-01,3.104621767997741699e-01,2.378810346126556396e-01
1.588105559349060059e-01,2.942202687263488770e-01,2.255590260028839111e-01
1.654594540596008301e-01,3.025822341442108154e-01,2.321693003177642822e-01
1.597202718257904053e-01,2.942132055759429932e-01,2.243146002292633057e-01
1.606485098600387573e-01,2.959251105785369873e-01,2.249384820461273193e-01
1.640980541706085205e-01,2.986851334571838379e-01,2.253389656543731689e-01
1.685564517974853516e-01,3.068595826625823975e-01,2.342448234558105469e-01
1.666118204593658447e-01,3.062111437320709229e-01,2.324236929416656494e-01
1.587772369384765625e-01,2.921218276023864746e-01,2.223787307739257812e-01
1.604805886745452881e-01,2.954770326614379883e-01,2.278404533863067627e-01
1.597950905561447144e-01,2.952480018138885498e-01,2.241519987583160400e-01
1.561324596405029297e-01,2.916760146617889404e-01,2.246889770030975342e-01
1.622336357831954956e-01,2.994258701801300049e-01,2.322915494441986084e-01
1.618940681219100952e-01,3.011530935764312744e-01,2.337554395198822021e-01
1.579180955886840820e-01,2.948757410049438477e-01,2.290202081203460693e-01
1.517310738563537598e-01,2.913696467876434326e-01,2.246383726596832275e-01
1.523392498493194580e-01,2.902447581291198730e-01,2.233487665653228760e-01
1.480331122875213623e-01,2.872272431850433350e-01,2.195507287979125977e-01
1.536417752504348755e-01,2.934696972370147705e-01,2.257286608219146729e-01
1.487950980663299561e-01,2.888791263103485107e-01,2.242824137210845947e-01
1.596194207668304443e-01,3.017148971557617188e-01,2.357138097286224365e-01
1.661982238292694092e-01,3.127714097499847412e-01,2.472614347934722900e-01
1.564012765884399414e-01,3.008379638195037842e-01,2.384189367294311523e-01
1.622847467660903931e-01,3.108571767807006836e-01,2.473647892475128174e-01
1.659102886915206909e-01,3.189446330070495605e-01,2.545331418514251709e-01
1.669146269559860229e-01,3.181240558624267578e-01,2.557596266269683838e-01
1.642300188541412354e-01,3.152262270450592041e-01,2.516572773456573486e-01
1.612680256366729736e-01,3.075286746025085449e-01,2.433643639087677002e-01
1.471139937639236450e-01,2.875664234161376953e-01,2.284906208515167236e-01
1.516686677932739258e-01,2.968661785125732422e-01,2.343427240848541260e-01
1.492138206958770752e-01,2.923484146595001221e-01,2.300032675266265869e-01
1.510334610939025879e-01,2.969664037227630615e-01,2.401829063892364502e-01
1.480759233236312866e-01,2.955914139747619629e-01,2.418315112590789795e-01
1.440435200929641724e-01,2.951050102710723877e-01,2.325495779514312744e-01
1.462575495243072510e-01,2.962135076522827148e-01,2.364404201507568359e-01
1.500339806079864502e-01,3.031324744224548340e-01,2.413306832313537598e-01
1.524880826473236084e-01,3.099352121353149414e-01,2.417707145214080811e-01
1.514584869146347046e-01,3.133406639099121094e-01,2.415329217910766602e-01
1.490750163793563843e-01,3.049533665180206299e-01,2.273910343647003174e-01
1.406393051147460938e-01,2.952403724193572998e-01,2.155576944351196289e-01
1.463561505079269409e-01,2.965282201766967773e-01,2.152351438999176025e-01
1.434459686279296875e-01,2.951944172382354736e-01,2.104406654834747314e-01
1.489342302083969116e-01,2.985163033008575439e-01,2.148211300373077393e-01
1.432489454746246338e-01,2.951137423515319824e-01,2.110612690448760986e-01
1.325565427541732788e-01,2.796207666397094727e-01,2.016828954219818115e-01
1.258789151906967163e-01,2.733124494552612305e-01,1.976685225963592529e-01
1.302120089530944824e-01,2.774470746517181396e-01,2.024623453617095947e-01
1.380427479743957520e-01,2.840582430362701416e-01,2.116385996341705322e-01
1.422515362501144409e-01,2.911579012870788574e-01,2.215337455272674561e-01
1.359641551971435547e-01,2.857607603073120117e-01,2.190209329128265381e-01
1.263794451951980591e-01,2.849909067153930664e-01,2.199894785881042480e-01
1.211972609162330627e-01,2.854078412055969238e-01,2.200581431388854980e-01
1.134580150246620178e-01,2.705442905426025391e-01,2.137946188449859619e-01
1.024592444300651550e-01,2.553138136863708496e-01,2.063327729701995850e-01
8.816069364547729492e-02,2.388195395469665527e-01,1.982157230377197266e-01
8.947798609733581543e-02,2.371912896633148193e-01,1.998395025730133057e-01
7.282099872827529907e-02,2.214300036430358887e-01,1.831170618534088135e-01
7.120734453201293945e-02,2.300219237804412842e-01,1.919451653957366943e-01
6.870099902153015137e-02,2.331928610801696777e-01,1.914568841457366943e-01
6.681282073259353638e-02,2.324469089508056641e-01,1.944047212600708008e-01
5.910126119852066040e-02,2.169130444526672363e-01,1.846893131732940674e-01
5.803421884775161743e-02,2.190876901149749756e-01,1.865285933017730713e-01
5.581653118133544922e-02,2.202103734016418457e-01,1.901082098484039307e-01
5.559525638818740845e-02,2.206140458583831787e-01,1.871093809604644775e-01
5.886083096265792847e-02,2.213271558284759521e-01,1.847039163112640381e-01
6.111951917409896851e-02,2.232030034065246582e-01,1.794556379318237305e-01
5.677306652069091797e-02,2.201047837734222412e-01,1.833792924880981445e-01
5.483993142843246460e-02,2.248564660549163818e-01,1.865969896316528320e-01
5.305366218090057373e-02,2.297506928443908691e-01,1.897407472133636475e-01
5.539968609809875488e-02,2.413086593151092529e-01,1.978481113910675049e-01
5.551659315824508667e-02,2.482157647609710693e-01,2.051325142383575439e-01
5.003420263528823853e-02,2.520301938056945801e-01,2.136622369289398193e-01
5.370990186929702759e-02,2.621658444404602051e-01,2.188991606235504150e-01
5.294144153594970703e-02,2.605962753295898438e-01,2.201670110225677490e-01
5.198808759450912476e-02,2.572815120220184326e-01,2.181476950645446777e-01
5.573192983865737915e-02,2.657557725906372070e-01,2.237708866596221924e-01
5.946552008390426636e-02,2.810763418674468994e-01,2.385100424289703369e-01
5.882111936807632446e-02,2.885651886463165283e-01,2.438620328903198242e-01
5.716609209775924683e-02,2.776662409305572510e-01,2.351166903972625732e-01
6.037496030330657959e-02,2.773107588291168213e-01,2.332475483417510986e-01
6.259558349847793579e-02,2.863456904888153076e-01,2.443259656429290771e-01
6.027445197105407715e-02,2.710641622543334961e-01,2.296419441699981689e-01
6.069920212030410767e-02,2.767083048820495605e-01,2.288667261600494385e-01
6.185487657785415649e-02,2.847160995006561279e-01,2.321223914623260498e-01
5.845367908477783203e-02,3.043147027492523193e-01,2.481436431407928467e-01
6.174354255199432373e-02,3.083920478820800781e-01,2.509271800518035889e-01
6.489739567041397095e-02,3.181616663932800293e-01,2.615771591663360596e-01
6.463903933763504028e-02,3.156083524227142334e-01,2.613694071769714355e-01
6.305596977472305298e-02,3.048722743988037109e-01,2.556915581226348877e-01
5.979004502296447754e-02,3.148813247680664062e-01,2.666675746440887451e-01
5.153998732566833496e-02,2.947297096252441406e-01,2.534939050674438477e-01
4.547175765037536621e-02,2.831484079360961914e-01,2.451210319995880127e-01
3.357357531785964966e-02,2.712336182594299316e-01,2.428754866123199463e-01
3.165646642446517944e-02,2.677152752876281738e-01,2.408474087715148926e-01
3.368043154478073120e-02,2.632392346858978271e-01,2.364356517791748047e-01
2.656613849103450775e-02,2.493878304958343506e-01,2.254285812377929688e-01
2.855612151324748993e-02,2.501643896102905273e-01,2.304921150207519531e-01
2.522362582385540009e-02,2.540615499019622803e-01,2.418855726718902588e-01
2.553905360400676727e-02,2.472850382328033447e-01,2.368451654911041260e-01
2.860943041741847992e-02,2.536556422710418701e-01,2.307958900928497314e-01
3.193905949592590332e-02,2.543887495994567871e-01,2.280198037624359131e-01
3.536631911993026733e-02,2.721423506736755371e-01,2.423444688320159912e-01
3.713667392730712891e-02,2.633196413516998291e-01,2.348094284534454346e-01
3.809625655412673950e-02,2.511245906352996826e-01,2.186616957187652588e-01
3.936184197664260864e-02,3.005340397357940674e-01,2.477044761180877686e-01
3.802487999200820923e-02,2.945332527160644531e-01,2.413636744022369385e-01
3.678353875875473022e-02,2.920174896717071533e-01,2.296475470066070557e-01
3.734838217496871948e-02,2.889112234115600586e-01,2.260912954807281494e-01
4.150370508432388306e-02,2.863695323467254639e-01,2.251354753971099854e-01
5.266607552766799927e-02,3.095566928386688232e-01,2.416477799415588379e-01
5.070695281028747559e-02,3.413942456245422363e-01,2.653071582317352295e-01
4.125670343637466431e-02,2.825248539447784424e-01,2.306533157825469971e-01
4.542185366153717041e-02,2.856476306915283203e-01,2.300328910350799561e-01
4.169446974992752075e-02,2.561901509761810303e-01,2.047578096389770508e-01
3.390386700630187988e-02,2.404724955558776855e-01,1.964301764965057373e-01
3.380919992923736572e-02,2.451237440109252930e-01,2.018962800502777100e-01
2.885617502033710480e-02,2.383196055889129639e-01,1.957123875617980957e-01
1.999660395085811615e-02,2.425278425216674805e-01,1.943074762821197510e-01
1.790527440607547760e-02,2.386960089206695557e-01,1.912342905998229980e-01
1.531680114567279816e-02,2.526909708976745605e-01,2.150890529155731201e-01
1.102312467992305756e-02,2.462497949600219727e-01,2.104044854640960693e-01
9.410282596945762634e-03,2.492829561233520508e-01,2.144214212894439697e-01
8.080786094069480896e-03,2.484503984451293945e-01,2.149947285652160645e-01
9.697606787085533142e-03,2.533620893955230713e-01,2.190520763397216797e-01
8.997926488518714905e-03,2.495360374450683594e-01,2.175338566303253174e-01
1.079873181879520416e-02,1.954972147941589355e-01,1.725218594074249268e-01
1.145927794277667999e-02,1.969061195850372314e-01,1.738733351230621338e-01
1.153153367340564728e-02,1.960075497627258301e-01,1.712531149387359619e-01
1.132887788116931915e-02,1.920437216758728027e-01,1.698651015758514404e-01
1.292339153587818146e-02,1.975408792495727539e-01,1.712777316570281982e-01
