1.273891180753707886e-01,4.390188753604888916e-01,2.532816827297210693e-01
1.276995241641998291e-01,4.400077462196350098e-01,2.514191865921020508e-01
1.262457370758056641e-01,4.364275932312011719e-01,2.464495599269866943e-01
1.266437768936157227e-01,4.369353950023651123e-01,2.457253932952880859e-01
1.275870054960250854e-01,4.382889270782470703e-01,2.439136654138565063e-01
1.273356825113296509e-01,4.411633312702178955e-01,2.436902523040771484e-01
1.296739578247070312e-01,4.462065100669860840e-01,2.512776255607604980e-01
1.310609132051467896e-01,4.484672546386718750e-01,2.498935163021087646e-01
1.293012946844100952e-01,4.460406303405761719e-01,2.475400120019912720e-01
1.313307583332061768e-01,4.504006803035736084e-01,2.498193085193634033e-01
1.290342360734939575e-01,4.446772933006286621e-01,2.458410412073135376e-01
1.286908239126205444e-01,4.455882310867309570e-01,2.470197081565856934e-01
1.292898058891296387e-01,4.508072733879089355e-01,2.485588788986206055e-01
1.283127069473266602e-01,4.455800950527191162e-01,2.448744028806686401e-01
1.297412067651748657e-01,4.474384486675262451e-01,2.457413077354431152e-01
1.311993002891540527e-01,4.585719108581542969e-01,2.531754374504089355e-01
1.304510831832885742e-01,4.525147676467895508e-01,2.490398138761520386e-01
1.302403062582015991e-01,4.522779583930969238e-01,2.466770708560943604e-01
1.295602321624755859e-01,4.521020054817199707e-01,2.484596371650695801e-01
1.334641575813293457e-01,4.645892083644866943e-01,2.549284398555755615e-01
1.308834701776504517e-01,4.633324742317199707e-01,2.488937824964523315e-01
1.319765001535415649e-01,4.654107987880706787e-01,2.539570331573486328e-01
1.339561194181442261e-01,4.678893387317657471e-01,2.567308545112609863e-01
1.379719674587249756e-01,4.752822816371917725e-01,2.619087696075439453e-01
1.375180333852767944e-01,4.750998616218566895e-01,2.599807977676391602e-01
1.376868784427642822e-01,4.787733256816864014e-01,2.636758089065551758e-01
1.372334957122802734e-01,4.774267077445983887e-01,2.616674304008483887e-01
1.369821131229400635e-01,4.844098091125488281e-01,2.659489214420318604e-01
1.349013149738311768e-01,4.834298193454742432e-01,2.657915055751800537e-01
1.376568824052810669e-01,4.846514761447906494e-01,2.658781409263610840e-01
1.365329027175903320e-01,4.884531199932098389e-01,2.690472006797790527e-01
1.371116191148757935e-01,4.876625835895538330e-01,2.683891057968139648e-01
1.373231709003448486e-01,4.869039356708526611e-01,2.685601115226745605e-01
1.352270543575286865e-01,4.863221943378448486e-01,2.683091759681701660e-01
1.363911032676696777e-01,4.954565167427062988e-01,2.732722759246826172e-01
1.358335018157958984e-01,4.908612668514251709e-01,2.707799673080444336e-01
1.372968405485153198e-01,4.989777803421020508e-01,2.738150358200073242e-01
1.368858665227890015e-01,5.078439712524414062e-01,2.801278233528137207e-01
1.360382586717605591e-01,5.011356472969055176e-01,2.765300273895263672e-01
1.360455900430679321e-01,4.929828643798828125e-01,2.743700742721557617e-01
1.358679533004760742e-01,5.008237361907958984e-01,2.779117524623870850e-01
1.343860924243927002e-01,4.976418316364288330e-01,2.757513523101806641e-01
1.350866258144378662e-01,4.939874708652496338e-01,2.744897007942199707e-01
1.342332661151885986e-01,4.977712035179138184e-01,2.759929299354553223e-01
1.338341236114501953e-01,4.972448945045471191e-01,2.752847671508789062e-01
1.340528428554534912e-01,4.934883415699005127e-01,2.738964557647705078e-01
1.329979449510574341e-01,4.951013922691345215e-01,2.766121029853820801e-01
1.299062222242355347e-01,4.916290044784545898e-01,2.718437910079956055e-01
1.302428990602493286e-01,4.890414178371429443e-01,2.733725905418395996e-01
1.289449930191040039e-01,4.896848201751708984e-01,2.733855843544006348e-01
1.302121132612228394e-01,4.872090518474578857e-01,2.720812857151031494e-01
1.280919164419174194e-01,4.881007671356201172e-01,2.723492980003356934e-01
1.307521313428878784e-01,4.895740747451782227e-01,2.738779783248901367e-01
1.306198239326477051e-01,4.941674172878265381e-01,2.744936943054199219e-01
1.327510327100753784e-01,4.934138357639312744e-01,2.765130400657653809e-01
1.314913481473922729e-01,4.906850755214691162e-01,2.759962081909179688e-01
1.306749284267425537e-01,4.960825145244598389e-01,2.775620818138122559e-01
1.303248256444931030e-01,4.929004013538360596e-01,2.753649950027465820e-01
1.336986124515533447e-01,4.953319728374481201e-01,2.790143191814422607e-01
1.321772038936614990e-01,4.968412220478057861e-01,2.794506549835205078e-01
1.310122162103652954e-01,4.961301088333129883e-01,2.773370146751403809e-01
1.315653324127197266e-01,4.914271235466003418e-01,2.740774452686309814e-01
1.302069276571273804e-01,4.876500666141510010e-01,2.693694233894348145e-01
1.292971372604370117e-01,4.934808611869812012e-01,2.711027860641479492e-01
1.277123540639877319e-01,4.845915138721466064e-01,2.670202553272247314e-01
1.266204565763473511e-01,4.812255799770355225e-01,2.638950943946838379e-01
1.239839345216751099e-01,4.706156849861145020e-01,2.544732093811035156e-01
1.226175576448440552e-01,4.667266905307769775e-01,2.489900290966033936e-01
1.244640797376632690e-01,4.766479432582855225e-01,2.513719201087951660e-01
1.242869347333908081e-01,4.663842916488647461e-01,2.466562390327453613e-01
1.206885278224945068e-01,4.579451084136962891e-01,2.372665405273437500e-01
1.211416274309158325e-01,4.700161814689636230e-01,2.485754787921905518e-01
1.206466555595397949e-01,4.630196690559387207e-01,2.421189844608306885e-01
1.212019622325897217e-01,4.656453430652618408e-01,2.403413057327270508e-01
1.171158179640769958e-01,4.582954347133636475e-01,2.316317260265350342e-01
1.160289943218231201e-01,4.507992565631866455e-01,2.265261411666870117e-01
1.152392327785491943e-01,4.514822959899902344e-01,2.257516086101531982e-01
1.162664890289306641e-01,4.553461670875549316e-01,2.291461080312728882e-01
1.158460006117820740e-01,4.538271725177764893e-01,2.265502512454986572e-01
1.175539493560791016e-01,4.563401341438293457e-01,2.270241379737854004e-01
1.143802702426910400e-01,4.508427977561950684e-01,2.244064062833786011e-01
1.120966896414756775e-01,4.503199160099029541e-01,2.208849489688873291e-01
1.091839075088500977e-01,4.437906742095947266e-01,2.184860706329345703e-01
1.107348501682281494e-01,4.483884871006011963e-01,2.203894257545471191e-01
1.130712032318115234e-01,4.594305455684661865e-01,2.270879447460174561e-01
1.113704442977905273e-01,4.507764577865600586e-01,2.219494581222534180e-01
1.113508641719818115e-01,4.437579810619354248e-01,2.193520963191986084e-01
1.101484149694442749e-01,4.426906406879425049e-01,2.167290747165679932e-01
1.047149747610092163e-01,4.315722584724426270e-01,2.073118984699249268e-01
1.017513722181320190e-01,4.249223172664642334e-01,2.039206624031066895e-01
1.021059826016426086e-01,4.256128668785095215e-01,2.022100090980529785e-01
1.021980941295623779e-01,4.220900237560272217e-01,2.020365595817565918e-01
1.021508276462554932e-01,4.187494218349456787e-01,1.998255401849746704e-01
9.780165553092956543e-02,4.106704592704772949e-01,1.947207599878311157e-01
9.741108864545822144e-02,4.115560948848724365e-01,1.956524550914764404e-01
9.650287777185440063e-02,4.074963033199310303e-01,1.929944306612014771e-01
9.299880266189575195e-02,3.956756293773651123e-01,1.871789097785949707e-01
9.271822869777679443e-02,3.994042277336120605e-01,1.885190606117248535e-01
9.386967122554779053e-02,4.028341472148895264e-01,1.906879544258117676e-01
9.350603818893432617e-02,4.039191007614135742e-01,1.899490356445312500e-01
9.038113802671432495e-02,3.967936635017395020e-01,1.850387156009674072e-01
9.133716672658920288e-02,4.115823805332183838e-01,1.895838677883148193e-01
9.154069423675537109e-02,4.141478538513183594e-01,1.914626955986022949e-01
8.929472416639328003e-02,4.101375639438629150e-01,1.883144229650497437e-01
8.720961213111877441e-02,4.105131626129150391e-01,1.875419318675994873e-01
8.746960759162902832e-02,4.053979516029357910e-01,1.871902644634246826e-01
8.620300889015197754e-02,4.029110670089721680e-01,1.855513751506805420e-01
8.393734693527221680e-02,3.985684216022491455e-01,1.837455332279205322e-01
7.972061634063720703e-02,3.980790674686431885e-01,1.824167519807815552e-01
7.366725802421569824e-02,3.928401768207550049e-01,1.803168654441833496e-01
7.251597195863723755e-02,3.931390345096588135e-01,1.797481775283813477e-01
6.780123710632324219e-02,3.894017040729522705e-01,1.790716350078582764e-01
7.066831737756729126e-02,3.875952363014221191e-01,1.802795082330703735e-01
7.036679238080978394e-02,3.934292793273925781e-01,1.806354969739913940e-01
6.690515577793121338e-02,3.883171677589416504e-01,1.791692823171615601e-01
6.702663749456405640e-02,3.913658559322357178e-01,1.810794025659561157e-01
6.551668792963027954e-02,3.877599835395812988e-01,1.799013912677764893e-01
6.802955269813537598e-02,3.949757218360900879e-01,1.802429109811782837e-01
6.606513261795043945e-02,3.911944925785064697e-01,1.800222098827362061e-01
6.285969913005828857e-02,3.821362555027008057e-01,1.762105226516723633e-01
6.743797659873962402e-02,3.884088397026062012e-01,1.785228103399276733e-01
6.625873595476150513e-02,3.871968388557434082e-01,1.784784793853759766e-01
6.607893109321594238e-02,3.910262882709503174e-01,1.794246733188629150e-01
6.280221045017242432e-02,3.841084539890289307e-01,1.771880984306335449e-01
6.318845599889755249e-02,3.793404400348663330e-01,1.754761338233947754e-01
6.460257619619369507e-02,3.866966664791107178e-01,1.785245537757873535e-01
6.204057484865188599e-02,3.858745694160461426e-01,1.782411336898803711e-01
6.391716003417968750e-02,3.779125511646270752e-01,1.751475334167480469e-01
6.160560622811317444e-02,3.853153884410858154e-01,1.774129569530487061e-01
6.221106275916099548e-02,3.859260678291320801e-01,1.773316413164138794e-01
6.019053980708122253e-02,3.825300633907318115e-01,1.771406680345535278e-01
6.184612959623336792e-02,3.861609995365142822e-01,1.786448061466217041e-01
5.814189836382865906e-02,3.837454617023468018e-01,1.784403026103973389e-01
5.710819736123085022e-02,3.868003487586975098e-01,1.792981326580047607e-01
5.673617869615554810e-02,3.834746181964874268e-01,1.792294830083847046e-01
5.636898428201675415e-02,3.823296725749969482e-01,1.796938329935073853e-01
5.442800000309944153e-02,3.856650888919830322e-01,1.795920431613922119e-01
5.170305818319320679e-02,3.850989341735839844e-01,1.793277114629745483e-01
5.512797087430953979e-02,3.916177749633789062e-01,1.844169497489929199e-01
5.225316062569618225e-02,3.951240479946136475e-01,1.843404769897460938e-01
5.385226011276245117e-02,3.878553509712219238e-01,1.826964914798736572e-01
5.422114208340644836e-02,3.862227499485015869e-01,1.820488721132278442e-01
5.599794536828994751e-02,3.896923959255218506e-01,1.856350004673004150e-01
5.630075186491012573e-02,3.940386474132537842e-01,1.861970871686935425e-01
5.744098126888275146e-02,3.911803066730499268e-01,1.856712400913238525e-01
5.744633823633193970e-02,3.827717006206512451e-01,1.817871332168579102e-01
5.711462721228599548e-02,3.738813698291778564e-01,1.801838129758834839e-01
5.779965966939926147e-02,3.758475482463836670e-01,1.825371831655502319e-01
5.973769724369049072e-02,3.775813877582550049e-01,1.841382682323455811e-01
5.707284435629844666e-02,3.705669939517974854e-01,1.835201680660247803e-01
6.182518973946571350e-02,3.726084232330322266e-01,1.868721842765808105e-01
6.276909261941909790e-02,3.740744888782501221e-01,1.865442544221878052e-01
6.472960114479064941e-02,3.780045509338378906e-01,1.924814581871032715e-01
7.091551274061203003e-02,3.921504318714141846e-01,2.039557397365570068e-01
7.311767339706420898e-02,4.031099975109100342e-01,2.113240957260131836e-01
7.549364864826202393e-02,4.173048734664916992e-01,2.245506346225738525e-01
7.926225662231445312e-02,4.156796038150787354e-01,2.236258089542388916e-01
7.857029139995574951e-02,4.172915518283843994e-01,2.216407656669616699e-01
8.469797670841217041e-02,4.272396862506866455e-01,2.302366197109222412e-01
8.828684687614440918e-02,4.246680140495300293e-01,2.341684997081756592e-01
9.314168989658355713e-02,4.305694401264190674e-01,2.393415868282318115e-01
9.098765999078750610e-02,4.204116761684417725e-01,2.328158915042877197e-01
8.825442939996719360e-02,4.236172735691070557e-01,2.352414131164550781e-01
8.483009785413742065e-02,4.249723851680755615e-01,2.379474937915802002e-01
8.188948035240173340e-02,4.186595380306243896e-01,2.357686758041381836e-01
7.409519702196121216e-02,4.004718363285064697e-01,2.252716124057769775e-01
7.440624386072158813e-02,4.040671586990356445e-01,2.297255098819732666e-01
7.174386829137802124e-02,4.067476689815521240e-01,2.324999570846557617e-01
7.387486845254898071e-02,4.128548502922058105e-01,2.385227382183074951e-01
7.430791109800338745e-02,4.128417074680328369e-01,2.384454905986785889e-01
7.424432784318923950e-02,4.120894968509674072e-01,2.366535365581512451e-01
7.531835138797760010e-02,4.160489141941070557e-01,2.369413971900939941e-01
7.267481833696365356e-02,4.001250565052032471e-01,2.313197553157806396e-01
6.938742846250534058e-02,3.860013484954833984e-01,2.219597399234771729e-01
6.697998195886611938e-02,3.895927369594573975e-01,2.249221205711364746e-01
6.374776363372802734e-02,3.871002197265625000e-01,2.228288054466247559e-01
5.971551686525344849e-02,3.829623758792877197e-01,2.193425893783569336e-01
6.395015120506286621e-02,3.871715962886810303e-01,2.240745872259140015e-01
6.337280571460723877e-02,3.894028365612030029e-01,2.260908037424087524e-01
6.219496577978134155e-02,3.850587904453277588e-01,2.244201004505157471e-01
6.004830449819564819e-02,3.864896595478057861e-01,2.253881990909576416e-01
5.930477380752563477e-02,3.964416682720184326e-01,2.321415841579437256e-01
6.008256226778030396e-02,3.908764421939849854e-01,2.307462096214294434e-01
6.428794562816619873e-02,4.016374051570892334e-01,2.379263937473297119e-01
6.206655502319335938e-02,3.909490704536437988e-01,2.350255250930786133e-01
6.241469830274581909e-02,3.949483036994934082e-01,2.400807440280914307e-01
6.134942173957824707e-02,3.913204967975616455e-01,2.397935390472412109e-01
6.228897720575332642e-02,3.789274394512176514e-01,2.343885749578475952e-01
6.225024163722991943e-02,3.803128302097320557e-01,2.371833324432373047e-01
6.305201351642608643e-02,3.850337266921997070e-01,2.396660298109054565e-01
6.071270257234573364e-02,3.743540644645690918e-01,2.341724336147308350e-01
6.286359578371047974e-02,3.720646500587463379e-01,2.336400002241134644e-01
6.169778853654861450e-02,3.707123696804046631e-01,2.328263670206069946e-01
5.913795903325080872e-02,3.692021071910858154e-01,2.340331673622131348e-01
5.818797647953033447e-02,3.676370680332183838e-01,2.302726358175277710e-01
5.611087009310722351e-02,3.763503730297088623e-01,2.358804941177368164e-01
5.452532693743705750e-02,3.719065487384796143e-01,2.351973354816436768e-01
5.129416286945343018e-02,3.587268888950347900e-01,2.237068563699722290e-01
4.571997001767158508e-02,3.578562736511230469e-01,2.248120307922363281e-01
4.640686884522438049e-02,3.640293180942535400e-01,2.279993593692779541e-01
4.590002447366714478e-02,3.636960685253143311e-01,2.288932651281356812e-01
4.554431885480880737e-02,3.723153471946716309e-01,2.347463965415954590e-01
4.411401599645614624e-02,3.730908334255218506e-01,2.374146878719329834e-01
4.812152683734893799e-02,3.857177197933197021e-01,2.426324486732482910e-01
4.532814398407936096e-02,3.931975960731506348e-01,2.484658062458038330e-01
4.423157870769500732e-02,3.882631957530975342e-01,2.504432201385498047e-01
4.391361027956008911e-02,3.902434408664703369e-01,2.502924799919128418e-01
4.464126378297805786e-02,3.897872567176818848e-01,2.509495019912719727e-01
4.821697622537612915e-02,3.812023997306823730e-01,2.476376742124557495e-01
4.879654943943023682e-02,3.884067833423614502e-01,2.495737224817276001e-01
4.402315616607666016e-02,3.872867822647094727e-01,2.472534477710723877e-01
4.812229797244071960e-02,3.980661332607269287e-01,2.560231089591979980e-01
4.839981719851493835e-02,4.007829725742340088e-01,2.577435970306396484e-01
5.207408964633941650e-02,4.118947684764862061e-01,2.655370235443115234e-01
5.734071880578994751e-02,4.213332533836364746e-01,2.738453745841979980e-01
5.778490751981735229e-02,4.124895334243774414e-01,2.657169699668884277e-01
5.924034863710403442e-02,4.163896441459655762e-01,2.675708532333374023e-01
6.304742395877838135e-02,4.123003780841827393e-01,2.665411233901977539e-01
6.743759661912918091e-02,4.141815900802612305e-01,2.672207653522491455e-01
7.256653904914855957e-02,4.248348772525787354e-01,2.774730324745178223e-01
7.351298630237579346e-02,4.311603307723999023e-01,2.823816239833831787e-01
7.852211594581604004e-02,4.408032000064849854e-01,2.892822027206420898e-01
7.633650302886962891e-02,4.310131072998046875e-01,2.843673825263977051e-01
7.468509674072265625e-02,4.331983029842376709e-01,2.857495546340942383e-01
7.810825854539871216e-02,4.369673430919647217e-01,2.889534831047058105e-01
7.554391026496887207e-02,4.236085116863250732e-01,2.832543849945068359e-01
7.423684000968933105e-02,4.192816019058227539e-01,2.755783796310424805e-01
7.565911859273910522e-02,4.279790818691253662e-01,2.765381336212158203e-01
7.081344723701477051e-02,4.308649599552154541e-01,2.799858450889587402e-01
6.641250103712081909e-02,4.294639825820922852e-01,2.796912193298339844e-01
6.513848155736923218e-02,4.277625679969787598e-01,2.806137800216674805e-01
6.513561308383941650e-02,4.259462356567382812e-01,2.800037264823913574e-01
6.156940013170242310e-02,4.209018051624298096e-01,2.789039611816406250e-01
6.465888768434524536e-02,4.365147650241851807e-01,2.907459735870361328e-01
5.572753027081489563e-02,4.224184155464172363e-01,2.825002670288085938e-01
5.332547426223754883e-02,4.315163791179656982e-01,2.916921377182006836e-01
5.523708462715148926e-02,4.258410632610321045e-01,2.850384712219238281e-01
5.195521563291549683e-02,4.368481636047363281e-01,2.971858978271484375e-01
4.886044561862945557e-02,4.228040277957916260e-01,2.869378924369812012e-01
4.906960576772689819e-02,4.252330362796783447e-01,2.906551659107208252e-01
5.104573443531990051e-02,4.301076531410217285e-01,3.031170070171356201e-01
4.839859530329704285e-02,4.495531618595123291e-01,3.262140154838562012e-01
4.578445851802825928e-02,4.516054391860961914e-01,3.334119617938995361e-01
4.631924256682395935e-02,4.533125162124633789e-01,3.352606892585754395e-01
4.555620625615119934e-02,4.481000602245330811e-01,3.348980545997619629e-01
4.918698966503143311e-02,4.573141932487487793e-01,3.430402278900146484e-01
4.574108868837356567e-02,4.420962929725646973e-01,3.346726596355438232e-01
4.556323215365409851e-02,4.496469199657440186e-01,3.457311391830444336e-01
4.617497324943542480e-02,4.580834209918975830e-01,3.542633950710296631e-01
4.772169515490531921e-02,4.498275518417358398e-01,3.470730781555175781e-01
4.355049878358840942e-02,4.521925747394561768e-01,3.501825630664825439e-01
4.203789308667182922e-02,4.519381821155548096e-01,3.498712778091430664e-01
4.048411548137664795e-02,4.549922347068786621e-01,3.520659804344177246e-01
4.025157168507575989e-02,4.512670338153839111e-01,3.512241840362548828e-01
4.005463793873786926e-02,4.585287272930145264e-01,3.555418848991394043e-01
4.557644575834274292e-02,4.602731764316558838e-01,3.529673218727111816e-01
4.577123746275901794e-02,4.439565837383270264e-01,3.385015130043029785e-01
4.724411666393280029e-02,4.486131370067596436e-01,3.433951139450073242e-01
4.799263179302215576e-02,4.325422346591949463e-01,3.306446671485900879e-01
4.659163579344749451e-02,4.387121200561523438e-01,3.345018029212951660e-01
4.644322767853736877e-02,4.278969168663024902e-01,3.266872167587280273e-01
4.663294926285743713e-02,4.222100973129272461e-01,3.214113712310791016e-01
4.561934247612953186e-02,4.286067187786102295e-01,3.274764418601989746e-01
4.725329205393791199e-02,4.117726385593414307e-01,3.145894408226013184e-01
4.814179986715316772e-02,4.190768301486968994e-01,3.206976652145385742e-01
4.850927367806434631e-02,4.107351601123809814e-01,3.138529658317565918e-01
5.012825131416320801e-02,4.154098927974700928e-01,3.203518986701965332e-01
5.106579512357711792e-02,4.119664728641510010e-01,3.185073733329772949e-01
5.274488031864166260e-02,4.136080443859100342e-01,3.183588981628417969e-01
5.619937181472778320e-02,4.129129052162170410e-01,3.190262913703918457e-01
5.426864326000213623e-02,4.078743755817413330e-01,3.158798813819885254e-01
5.829425156116485596e-02,4.097359776496887207e-01,3.149490952491760254e-01
5.758523568511009216e-02,3.985747992992401123e-01,3.042343258857727051e-01
6.113320589065551758e-02,4.068391621112823486e-01,3.121451139450073242e-01
6.100792065262794495e-02,4.026090204715728760e-01,3.104479908943176270e-01
5.945294350385665894e-02,3.994916677474975586e-01,3.094871640205383301e-01
5.883000046014785767e-02,4.011920392513275146e-01,3.107323646545410156e-01
6.041530892252922058e-02,4.005286693572998047e-01,3.102781772613525391e-01
5.951954796910285950e-02,3.932530581951141357e-01,3.004389703273773193e-01
5.827624350786209106e-02,3.898666203022003174e-01,2.983051836490631104e-01
5.863858759403228760e-02,3.883183896541595459e-01,2.954753637313842773e-01
6.017354130744934082e-02,3.829485476016998291e-01,2.885158061981201172e-01
5.889528989791870117e-02,3.826088607311248779e-01,2.891024947166442871e-01
6.040731072425842285e-02,3.813219368457794189e-01,2.869442105293273926e-01
5.789063498377799988e-02,3.745454251766204834e-01,2.835652232170104980e-01
6.021677702665328979e-02,3.751671016216278076e-01,2.819998860359191895e-01
5.808936804533004761e-02,3.698996901512145996e-01,2.767459750175476074e-01
5.682617425918579102e-02,3.711110353469848633e-01,2.770756483078002930e-01
5.634360387921333313e-02,3.698932826519012451e-01,2.783133387565612793e-01
5.724132806062698364e-02,3.604782819747924805e-01,2.721344828605651855e-01
5.481864511966705322e-02,3.671931326389312744e-01,2.764955759048461914e-01
5.367776751518249512e-02,3.575982451438903809e-01,2.699653506278991699e-01
5.449454486370086670e-02,3.557930886745452881e-01,2.688307762145996094e-01
5.481623113155364990e-02,3.523067831993103027e-01,2.692285180091857910e-01
5.334994941949844360e-02,3.396364450454711914e-01,2.559522986412048340e-01
5.282901227474212646e-02,3.396695554256439209e-01,2.566698193550109863e-01
5.269537121057510376e-02,3.347287774085998535e-01,2.529805302619934082e-01
5.164273455739021301e-02,3.354350328445434570e-01,2.553046047687530518e-01
4.700470715761184692e-02,3.384277522563934326e-01,2.570697069168090820e-01
4.708109050989151001e-02,3.378185629844665527e-01,2.589496076107025146e-01
4.316676408052444458e-02,3.320866525173187256e-01,2.571210861206054688e-01
3.920949622988700867e-02,3.282524645328521729e-01,2.515442967414855957e-01
4.751551151275634766e-02,3.385295569896697998e-01,2.691392302513122559e-01
3.984269499778747559e-02,3.267704844474792480e-01,2.555817365646362305e-01
4.261761158704757690e-02,3.287276029586791992e-01,2.637609243392944336e-01
4.060444235801696777e-02,3.331724107265472412e-01,2.714732885360717773e-01
4.406803101301193237e-02,3.369366824626922607e-01,2.774632573127746582e-01
4.596685618162155151e-02,3.459685742855072021e-01,2.905621528625488281e-01
4.262373596429824829e-02,3.422102034091949463e-01,2.850362360477447510e-01
4.322272911667823792e-02,3.462683260440826416e-01,2.889982461929321289e-01
4.317796602845191956e-02,3.426110148429870605e-01,2.870117723941802979e-01
4.392793774604797363e-02,3.485171794891357422e-01,2.954668402671813965e-01
4.865399003028869629e-02,3.495598733425140381e-01,2.974599301815032959e-01
4.829584062099456787e-02,3.536308109760284424e-01,3.012303113937377930e-01
5.003779008984565735e-02,3.604604601860046387e-01,3.062087297439575195e-01
5.021368712186813354e-02,3.559938371181488037e-01,3.005878627300262451e-01
5.007243156433105469e-02,3.579585254192352295e-01,3.035842776298522949e-01
5.057666450738906860e-02,3.595925867557525635e-01,3.035424351692199707e-01
4.815302789211273193e-02,3.627612292766571045e-01,3.069425821304321289e-01
4.326858371496200562e-02,3.806849122047424316e-01,3.231185674667358398e-01
4.519865289330482483e-02,3.796200752258300781e-01,3.218338787555694580e-01
4.878445714712142944e-02,3.831033408641815186e-01,3.222681879997253418e-01
4.674129188060760498e-02,3.744893670082092285e-01,3.156815171241760254e-01
4.716020449995994568e-02,3.791055381298065186e-01,3.188156485557556152e-01
4.486669600009918213e-02,3.701336979866027832e-01,3.122731447219848633e-01
4.469532519578933716e-02,3.709203004837036133e-01,3.136050105094909668e-01
4.698211699724197388e-02,3.795149028301239014e-01,3.196809291839599609e-01
4.714887589216232300e-02,3.759562373161315918e-01,3.172500133514404297e-01
4.841678217053413391e-02,3.811706900596618652e-01,3.222144246101379395e-01
4.832299053668975830e-02,3.779396116733551025e-01,3.185574412345886230e-01
4.821666330099105835e-02,3.748651444911956787e-01,3.156091570854187012e-01
4.752299189567565918e-02,3.748733401298522949e-01,3.155358433723449707e-01
4.592923074960708618e-02,3.735816478729248047e-01,3.144776821136474609e-01
4.361847788095474243e-02,3.753315210342407227e-01,3.158305287361145020e-01
4.752959683537483215e-02,3.821680843830108643e-01,3.209007978439331055e-01
4.905340820550918579e-02,3.805367648601531982e-01,3.186553120613098145e-01
4.713558405637741089e-02,3.827137947082519531e-01,3.214827775955200195e-01
4.608077555894851685e-02,3.786346018314361572e-01,3.181246519088745117e-01
4.547519981861114502e-02,3.704624474048614502e-01,3.109129071235656738e-01
4.503669589757919312e-02,3.766627013683319092e-01,3.166583776473999023e-01
4.180479049682617188e-02,3.681732416152954102e-01,3.096271157264709473e-01
4.477889090776443481e-02,3.741981387138366699e-01,3.143526911735534668e-01
4.159779101610183716e-02,3.808244466781616211e-01,3.201045691967010498e-01
4.322317987680435181e-02,3.820492029190063477e-01,3.211041986942291260e-01
4.380175843834877014e-02,3.779716789722442627e-01,3.169316649436950684e-01
4.347708821296691895e-02,3.791908621788024902e-01,3.177627027034759521e-01
3.808409720659255981e-02,3.750820457935333252e-01,3.156045079231262207e-01
4.114685952663421631e-02,3.790830671787261963e-01,3.189916014671325684e-01
3.962207958102226257e-02,3.830229640007019043e-01,3.225547671318054199e-01
3.929667174816131592e-02,3.765855729579925537e-01,3.195109367370605469e-01
3.554765135049819946e-02,3.762026429176330566e-01,3.173612356185913086e-01
3.650096431374549866e-02,3.795682787895202637e-01,3.215153515338897705e-01
3.690852224826812744e-02,3.823367953300476074e-01,3.235651254653930664e-01
3.756117448210716248e-02,3.836555182933807373e-01,3.237921595573425293e-01
3.607927262783050537e-02,3.854561746120452881e-01,3.254762291908264160e-01
3.912276774644851685e-02,3.928254842758178711e-01,3.309099674224853516e-01
3.597766906023025513e-02,3.847760856151580811e-01,3.253117203712463379e-01
3.603437170386314392e-02,3.897674977779388428e-01,3.301544785499572754e-01
3.595282882452011108e-02,3.880479633808135986e-01,3.275441825389862061e-01
3.581975400447845459e-02,3.848838508129119873e-01,3.258692026138305664e-01
3.499373421072959900e-02,3.842767179012298584e-01,3.260794281959533691e-01
3.416473418474197388e-02,3.811177015304565430e-01,3.228747844696044922e-01
3.720565140247344971e-02,3.883456587791442871e-01,3.280569911003112793e-01
3.812391683459281921e-02,3.870240151882171631e-01,3.272930383682250977e-01
3.894462063908576965e-02,3.878140449523925781e-01,3.284735679626464844e-01
4.413928464055061340e-02,3.876866400241851807e-01,3.279523849487304688e-01
4.595737904310226440e-02,3.834649622440338135e-01,3.244928121566772461e-01
4.340711608529090881e-02,3.815955817699432373e-01,3.226603865623474121e-01
4.787367954850196838e-02,3.946642279624938965e-01,3.322981595993041992e-01
4.766423255205154419e-02,3.954558372497558594e-01,3.344055414199829102e-01
4.763568192720413208e-02,3.851631581783294678e-01,3.253616094589233398e-01
4.829178750514984131e-02,3.851961791515350342e-01,3.250411748886108398e-01
4.727296158671379089e-02,3.821662664413452148e-01,3.224313259124755859e-01
4.776357486844062805e-02,3.852368891239166260e-01,3.222905993461608887e-01
4.888151213526725769e-02,3.861102163791656494e-01,3.239998221397399902e-01
4.894408956170082092e-02,3.864004313945770264e-01,3.228728771209716797e-01
4.952241107821464539e-02,3.768381178379058838e-01,3.168480098247528076e-01
4.935875535011291504e-02,3.700329959392547607e-01,3.131427168846130371e-01
4.994007945060729980e-02,3.732137680053710938e-01,3.164120912551879883e-01
4.796912521123886108e-02,3.647625744342803955e-01,3.089427947998046875e-01
4.490707069635391235e-02,3.592222034931182861e-01,3.060513734817504883e-01
4.209979623556137085e-02,3.573261201381683350e-01,3.048319816589355469e-01
4.301707446575164795e-02,3.528212308883666992e-01,3.019645214080810547e-01
4.077108949422836304e-02,3.446499407291412354e-01,2.941566705703735352e-01
4.524523019790649414e-02,3.512029051780700684e-01,2.989951968193054199e-01
4.369342699646949768e-02,3.455150127410888672e-01,2.951477169990539551e-01
4.356881231069564819e-02,3.349571824073791504e-01,2.879009246826171875e-01
4.393349587917327881e-02,3.255731165409088135e-01,2.812909483909606934e-01
4.422268271446228027e-02,3.240013420581817627e-01,2.796341180801391602e-01
4.585576057434082031e-02,3.300851881504058838e-01,2.850815355777740479e-01
4.662336409091949463e-02,3.325118124485015869e-01,2.865845561027526855e-01
4.870178550481796265e-02,3.386645019054412842e-01,2.915845513343811035e-01
4.552712291479110718e-02,3.253913521766662598e-01,2.800009250640869141e-01
4.910482466220855713e-02,3.416622281074523926e-01,2.907043397426605225e-01
4.506836831569671631e-02,3.283562660217285156e-01,2.812418341636657715e-01
4.642708599567413330e-02,3.277493715286254883e-01,2.817476987838745117e-01
4.362019151449203491e-02,3.267458379268646240e-01,2.807297706604003906e-01
5.269188061356544495e-02,3.472926020622253418e-01,2.949928045272827148e-01
4.804658517241477966e-02,3.388126790523529053e-01,2.887690663337707520e-01
4.964810609817504883e-02,3.427301347255706787e-01,2.907156944274902344e-01
5.542404949665069580e-02,3.519439697265625000e-01,2.972564101219177246e-01
5.520548671483993530e-02,3.595052361488342285e-01,3.045497536659240723e-01
5.617708340287208557e-02,3.565364181995391846e-01,3.001439571380615234e-01
5.696691200137138367e-02,3.564832210540771484e-01,3.013710975646972656e-01
5.116245523095130920e-02,3.351442813873291016e-01,2.793648242950439453e-01
5.092717707157135010e-02,3.358620405197143555e-01,2.777941226959228516e-01
5.288314074277877808e-02,3.415872156620025635e-01,2.845724225044250488e-01
5.061188340187072754e-02,3.321219384670257568e-01,2.731555700302124023e-01
5.502301454544067383e-02,3.412494063377380371e-01,2.855130434036254883e-01
5.255066603422164917e-02,3.283475041389465332e-01,2.725539207458496094e-01
5.180153995752334595e-02,3.217610418796539307e-01,2.672189474105834961e-01
5.309271067380905151e-02,3.294362723827362061e-01,2.739928364753723145e-01
4.689613729715347290e-02,3.123687207698822021e-01,2.613650262355804443e-01
4.649841040372848511e-02,3.145046830177307129e-01,2.644131779670715332e-01
4.438031092286109924e-02,3.126724064350128174e-01,2.637116312980651855e-01
4.129001125693321228e-02,3.100691139698028564e-01,2.630805373191833496e-01
3.675305098295211792e-02,2.950658202171325684e-01,2.543970346450805664e-01
3.759776055812835693e-02,2.906855642795562744e-01,2.501241266727447510e-01
3.489743545651435852e-02,2.738782465457916260e-01,2.292408794164657593e-01
3.158020228147506714e-02,2.668418288230895996e-01,2.222674787044525146e-01
3.210009634494781494e-02,2.707275450229644775e-01,2.211234271526336670e-01
3.574139624834060669e-02,2.784346640110015869e-01,2.307000905275344849e-01
3.956780955195426941e-02,2.836768925189971924e-01,2.295581996440887451e-01
4.433133453130722046e-02,2.983128726482391357e-01,2.481922656297683716e-01
4.252193495631217957e-02,2.910538613796234131e-01,2.448404282331466675e-01
4.675090312957763672e-02,2.991794645786285400e-01,2.540547549724578857e-01
4.995257407426834106e-02,2.989997267723083496e-01,2.566729187965393066e-01
5.278567224740982056e-02,3.005473315715789795e-01,2.588079571723937988e-01
5.592176318168640137e-02,3.056081235408782959e-01,2.631825208663940430e-01
5.844594538211822510e-02,3.101072609424591064e-01,2.668486833572387695e-01
5.854729935526847839e-02,3.075681924819946289e-01,2.631427049636840820e-01
6.246565654873847961e-02,3.166731894016265869e-01,2.729467749595642090e-01
6.096002832055091858e-02,3.147304058074951172e-01,2.713882923126220703e-01
5.869317427277565002e-02,3.137510716915130615e-01,2.719048857688903809e-01
5.342074483633041382e-02,3.031822144985198975e-01,2.649753093719482422e-01
5.274956673383712769e-02,3.036889731884002686e-01,2.661556005477905273e-01
5.574735999107360840e-02,3.135990798473358154e-01,2.736105918884277344e-01
5.445687472820281982e-02,3.143719136714935303e-01,2.694795727729797363e-01
5.026702582836151123e-02,3.104436397552490234e-01,2.645962238311767578e-01
4.931803792715072632e-02,3.076640963554382324e-01,2.592056393623352051e-01
4.482446610927581787e-02,2.944991886615753174e-01,2.476876974105834961e-01
4.441559314727783203e-02,2.932403385639190674e-01,2.488957643508911133e-01
4.325756803154945374e-02,2.886579334735870361e-01,2.457577437162399292e-01
4.464232176542282104e-02,2.889827787876129150e-01,2.461063712835311890e-01
4.431395977735519409e-02,2.876830399036407471e-01,2.452879548072814941e-01
4.646989703178405762e-02,2.915419936180114746e-01,2.494007349014282227e-01
4.816819354891777039e-02,2.871343493461608887e-01,2.469116151332855225e-01
4.778164997696876526e-02,2.826165556907653809e-01,2.434374392032623291e-01
4.454779997467994690e-02,2.761979401111602783e-01,2.387194037437438965e-01
4.863397032022476196e-02,2.869433462619781494e-01,2.481432706117630005e-01
5.063381046056747437e-02,2.897690236568450928e-01,2.508537769317626953e-01
4.752770438790321350e-02,2.870262861251831055e-01,2.451363801956176758e-01
4.614835977554321289e-02,2.784496247768402100e-01,2.374466955661773682e-01
4.837451130151748657e-02,2.771177589893341064e-01,2.393529415130615234e-01
4.801578074693679810e-02,2.780996263027191162e-01,2.376922070980072021e-01
4.556666687130928040e-02,2.725531160831451416e-01,2.323134839534759521e-01
4.380122572183609009e-02,2.702190577983856201e-01,2.300676405429840088e-01
4.714389145374298096e-02,2.741791009902954102e-01,2.330832630395889282e-01
4.855639487504959106e-02,2.780470550060272217e-01,2.389211058616638184e-01
4.408650845289230347e-02,2.701188623905181885e-01,2.330103963613510132e-01
4.472754523158073425e-02,2.668022811412811279e-01,2.316602468490600586e-01
4.336108639836311340e-02,2.641524970531463623e-01,2.286252230405807495e-01
4.958360269665718079e-02,2.765994668006896973e-01,2.418194413185119629e-01
4.934345185756683350e-02,2.734153568744659424e-01,2.378777265548706055e-01
4.891472309827804565e-02,2.688202857971191406e-01,2.345570176839828491e-01
4.865436255931854248e-02,2.705805301666259766e-01,2.376685887575149536e-01
4.880186915397644043e-02,2.685134410858154297e-01,2.357734888792037964e-01
5.034517869353294373e-02,2.727219760417938232e-01,2.404333055019378662e-01
5.017868056893348694e-02,2.704860866069793701e-01,2.384351044893264771e-01
5.126198753714561462e-02,2.725009024143218994e-01,2.402374595403671265e-01
4.993904381990432739e-02,2.666801512241363525e-01,2.361821532249450684e-01
4.929503053426742554e-02,2.649698853492736816e-01,2.358804494142532349e-01
4.960150644183158875e-02,2.627543509006500244e-01,2.351987957954406738e-01
5.015535652637481689e-02,2.624053955078125000e-01,2.349167317152023315e-01
5.023730918765068054e-02,2.615863084793090820e-01,2.331067323684692383e-01
4.782334715127944946e-02,2.556975185871124268e-01,2.258880883455276489e-01
5.020694434642791748e-02,2.570020258426666260e-01,2.262310832738876343e-01
5.038598179817199707e-02,2.581618428230285645e-01,2.282369732856750488e-01
5.057853460311889648e-02,2.572234869003295898e-01,2.271627336740493774e-01
5.194426700472831726e-02,2.585379481315612793e-01,2.276099920272827148e-01
5.207405984401702881e-02,2.608941793441772461e-01,2.311090230941772461e-01
5.491436645388603210e-02,2.644976377487182617e-01,2.330297231674194336e-01
5.027953535318374634e-02,2.549532651901245117e-01,2.271527200937271118e-01
5.032437667250633240e-02,2.552566826343536377e-01,2.288066595792770386e-01
5.035676807165145874e-02,2.581723928451538086e-01,2.312885224819183350e-01
5.281113088130950928e-02,2.626478970050811768e-01,2.347137182950973511e-01
5.593205615878105164e-02,2.725019156932830811e-01,2.416298091411590576e-01
5.484615638852119446e-02,2.699951827526092529e-01,2.395375967025756836e-01
5.668766051530838013e-02,2.695654630661010742e-01,2.383225560188293457e-01
5.818225070834159851e-02,2.741252183914184570e-01,2.437965869903564453e-01
5.819631367921829224e-02,2.752752900123596191e-01,2.418981343507766724e-01
5.536407232284545898e-02,2.647515237331390381e-01,2.330824881792068481e-01
5.677583068609237671e-02,2.667972445487976074e-01,2.356618940830230713e-01
5.696377530694007874e-02,2.696421146392822266e-01,2.359324842691421509e-01
5.315269902348518372e-02,2.634783387184143066e-01,2.332131564617156982e-01
5.252367630600929260e-02,2.659457325935363770e-01,2.356380671262741089e-01
5.295577645301818848e-02,2.687282562255859375e-01,2.397709339857101440e-01
5.308715254068374634e-02,2.659723162651062012e-01,2.362964302301406860e-01
5.214496701955795288e-02,2.643737196922302246e-01,2.357554435729980469e-01
5.093725770711898804e-02,2.650637924671173096e-01,2.348394691944122314e-01
4.913325235247612000e-02,2.608104348182678223e-01,2.294417321681976318e-01
4.794665426015853882e-02,2.592681050300598145e-01,2.292293459177017212e-01
5.062596499919891357e-02,2.592952549457550049e-01,2.302226275205612183e-01
4.994177073240280151e-02,2.535480260848999023e-01,2.276950180530548096e-01
4.684450477361679077e-02,2.502842247486114502e-01,2.229193300008773804e-01
4.582460224628448486e-02,2.459458112716674805e-01,2.185721099376678467e-01
4.596425220370292664e-02,2.468293011188507080e-01,2.198263704776763916e-01
4.651676863431930542e-02,2.446432113647460938e-01,2.185711264610290527e-01
4.620308056473731995e-02,2.402320802211761475e-01,2.142173945903778076e-01
4.711127281188964844e-02,2.408983409404754639e-01,2.136073559522628784e-01
4.854151606559753418e-02,2.399954795837402344e-01,2.119280695915222168e-01
5.094231665134429932e-02,2.433669865131378174e-01,2.134080529212951660e-01
5.558864027261734009e-02,2.449622452259063721e-01,2.099808156490325928e-01
5.411699786782264709e-02,2.432962059974670410e-01,2.075325697660446167e-01
5.394182354211807251e-02,2.393004894256591797e-01,2.028725296258926392e-01
4.805484414100646973e-02,2.305615544319152832e-01,1.964800655841827393e-01
4.797948896884918213e-02,2.333330512046813965e-01,1.997787058353424072e-01
5.341283977031707764e-02,2.348940670490264893e-01,1.978487819433212280e-01
5.033169686794281006e-02,2.318448722362518311e-01,1.969591379165649414e-01
4.674962908029556274e-02,2.296599447727203369e-01,1.995282918214797974e-01
4.726219922304153442e-02,2.309106588363647461e-01,2.006121426820755005e-01
4.786726832389831543e-02,2.331830561161041260e-01,2.032252252101898193e-01
4.965542256832122803e-02,2.377863526344299316e-01,2.093664109706878662e-01
4.949994385242462158e-02,2.404994964599609375e-01,2.110645323991775513e-01
5.012847483158111572e-02,2.384973764419555664e-01,2.091388255357742310e-01
5.341336131095886230e-02,2.400481402873992920e-01,2.087239027023315430e-01
5.154957622289657593e-02,2.398315072059631348e-01,2.104536592960357666e-01
5.187649279832839966e-02,2.423955202102661133e-01,2.135462164878845215e-01
5.833309143781661987e-02,2.495922744274139404e-01,2.186555564403533936e-01
5.460803583264350891e-02,2.450279593467712402e-01,2.153603136539459229e-01
5.509605631232261658e-02,2.434024512767791748e-01,2.136288136243820190e-01
5.856522917747497559e-02,2.527189254760742188e-01,2.224442511796951294e-01
6.030068546533584595e-02,2.520916461944580078e-01,2.190558910369873047e-01
6.037751212716102600e-02,2.540934085845947266e-01,2.224798649549484253e-01
6.125011295080184937e-02,2.552714347839355469e-01,2.230163961648941040e-01
6.313361227512359619e-02,2.545430362224578857e-01,2.205801904201507568e-01
6.071591004729270935e-02,2.525214850902557373e-01,2.199285626411437988e-01
5.994242057204246521e-02,2.550472319126129150e-01,2.240566313266754150e-01
5.510735884308815002e-02,2.470471858978271484e-01,2.179374992847442627e-01
5.898188799619674683e-02,2.495862841606140137e-01,2.170379906892776489e-01
5.579723045229911804e-02,2.494059801101684570e-01,2.181811779737472534e-01
5.432957038283348083e-02,2.452159225940704346e-01,2.147020101547241211e-01
5.463618785142898560e-02,2.447521686553955078e-01,2.149665206670761108e-01
5.235472694039344788e-02,2.378152608871459961e-01,2.072026580572128296e-01
5.112811177968978882e-02,2.406285405158996582e-01,2.123282849788665771e-01
5.332627519965171814e-02,2.396992146968841553e-01,2.082155644893646240e-01
5.291413515806198120e-02,2.348867058753967285e-01,2.020531594753265381e-01
5.404837056994438171e-02,2.341912388801574707e-01,2.000321894884109497e-01
5.351296067237854004e-02,2.341085672378540039e-01,1.990906894207000732e-01
5.416390672326087952e-02,2.383956909179687500e-01,2.047252953052520752e-01
5.724854022264480591e-02,2.365756928920745850e-01,2.009482085704803467e-01
5.980837345123291016e-02,2.395431399345397949e-01,2.043890804052352905e-01
6.102103739976882935e-02,2.432298362255096436e-01,2.066118419170379639e-01
6.205433234572410583e-02,2.443987727165222168e-01,2.078403532505035400e-01
6.558884680271148682e-02,2.479810416698455811e-01,2.095652073621749878e-01
6.363758444786071777e-02,2.513493597507476807e-01,2.165149450302124023e-01
6.387592852115631104e-02,2.526242136955261230e-01,2.171636670827865601e-01
6.676416844129562378e-02,2.534960806369781494e-01,2.179864943027496338e-01
6.776867806911468506e-02,2.571603357791900635e-01,2.211687564849853516e-01
6.753652542829513550e-02,2.534781098365783691e-01,2.170884758234024048e-01
6.735569238662719727e-02,2.577134966850280762e-01,2.234030514955520630e-01
6.609619408845901489e-02,2.564329206943511963e-01,2.216625213623046875e-01
6.587268412113189697e-02,2.568965256214141846e-01,2.220779359340667725e-01
6.618326157331466675e-02,2.553407847881317139e-01,2.220838069915771484e-01
6.476864218711853027e-02,2.568434774875640869e-01,2.221915274858474731e-01
6.253053992986679077e-02,2.544703483581542969e-01,2.201697677373886108e-01
6.208072230219841003e-02,2.576140761375427246e-01,2.254139631986618042e-01
6.013558059930801392e-02,2.563718557357788086e-01,2.221010476350784302e-01
6.090629473328590393e-02,2.574053108692169189e-01,2.233528941869735718e-01
5.970298871397972107e-02,2.568742036819458008e-01,2.252745032310485840e-01
5.916397646069526672e-02,2.599923014640808105e-01,2.289965748786926270e-01
6.175873056054115295e-02,2.590606510639190674e-01,2.256980240345001221e-01
5.937579274177551270e-02,2.568525373935699463e-01,2.253117710351943970e-01
6.102343648672103882e-02,2.576596140861511230e-01,2.233242988586425781e-01
6.130137294530868530e-02,2.614708840847015381e-01,2.299202233552932739e-01
6.282172352075576782e-02,2.571359276771545410e-01,2.232134938240051270e-01
6.565795093774795532e-02,2.591451704502105713e-01,2.221392393112182617e-01
6.522019207477569580e-02,2.584743499755859375e-01,2.210014164447784424e-01
6.647452712059020996e-02,2.583062052726745605e-01,2.183168679475784302e-01
6.752350181341171265e-02,2.594296336174011230e-01,2.184465527534484863e-01
6.977572292089462280e-02,2.616570293903350830e-01,2.166332155466079712e-01
6.873905658721923828e-02,2.580228447914123535e-01,2.125872373580932617e-01
6.780770421028137207e-02,2.577966749668121338e-01,2.128834277391433716e-01
7.195504754781723022e-02,2.628307938575744629e-01,2.176070064306259155e-01
7.316759228706359863e-02,2.609343826770782471e-01,2.125628292560577393e-01
6.953300535678863525e-02,2.605360150337219238e-01,2.160498946905136108e-01
6.886240094900131226e-02,2.592863440513610840e-01,2.138444483280181885e-01
7.090059667825698853e-02,2.608321905136108398e-01,2.148396074771881104e-01
7.205166667699813843e-02,2.622202932834625244e-01,2.147376984357833862e-01
7.442495226860046387e-02,2.639477550983428955e-01,2.136047780513763428e-01
7.322097569704055786e-02,2.632523179054260254e-01,2.152323573827743530e-01
7.437859475612640381e-02,2.649605572223663330e-01,2.163709104061126709e-01
7.614871859550476074e-02,2.672421932220458984e-01,2.204717695713043213e-01
7.667206227779388428e-02,2.687170803546905518e-01,2.222771048545837402e-01
7.784177362918853760e-02,2.658887803554534912e-01,2.176233232021331787e-01
7.718299329280853271e-02,2.642866671085357666e-01,2.217811346054077148e-01
7.925330847501754761e-02,2.637291252613067627e-01,2.171615362167358398e-01
7.520573586225509644e-02,2.603922188282012939e-01,2.163839936256408691e-01
7.578256726264953613e-02,2.623547017574310303e-01,2.192911952733993530e-01
7.665584236383438110e-02,2.591913342475891113e-01,2.145339101552963257e-01
7.625295221805572510e-02,2.588683664798736572e-01,2.148536443710327148e-01
7.521437853574752808e-02,2.622222006320953369e-01,2.240367233753204346e-01
7.573830336332321167e-02,2.597302198410034180e-01,2.208745330572128296e-01
7.392168045043945312e-02,2.578415274620056152e-01,2.195533663034439087e-01
7.392207533121109009e-02,2.586188018321990967e-01,2.184855341911315918e-01
7.203038036823272705e-02,2.566064298152923584e-01,2.191550880670547485e-01
7.776354253292083740e-02,2.618449032306671143e-01,2.195260971784591675e-01
7.720372825860977173e-02,2.610209286212921143e-01,2.214174568653106689e-01
7.648132741451263428e-02,2.559644579887390137e-01,2.141700237989425659e-01
7.604995369911193848e-02,2.573577165603637695e-01,2.144273072481155396e-01
7.569625228643417358e-02,2.556421756744384766e-01,2.119770199060440063e-01
7.038223743438720703e-02,2.534981667995452881e-01,2.118391543626785278e-01
7.240542024374008179e-02,2.507441639900207520e-01,2.056456059217453003e-01
7.354725152254104614e-02,2.509330511093139648e-01,2.085045427083969116e-01
6.766154617071151733e-02,2.481018900871276855e-01,2.053531408309936523e-01
6.974194943904876709e-02,2.438731491565704346e-01,1.986019909381866455e-01
6.775248795747756958e-02,2.443420886993408203e-01,1.980899721384048462e-01
6.917347759008407593e-02,2.469499707221984863e-01,2.013579010963439941e-01
7.015252113342285156e-02,2.510653436183929443e-01,2.053061574697494507e-01
6.811045855283737183e-02,2.528735995292663574e-01,2.074493318796157837e-01
6.689377874135971069e-02,2.470855116844177246e-01,2.014590799808502197e-01
6.971495598554611206e-02,2.508556246757507324e-01,2.061064243316650391e-01
6.642639636993408203e-02,2.468454241752624512e-01,2.019426226615905762e-01
6.538686901330947876e-02,2.493891417980194092e-01,2.040967643260955811e-01
6.730401515960693359e-02,2.503195106983184814e-01,2.074840366840362549e-01
6.770338118076324463e-02,2.525815367698669434e-01,2.119439393281936646e-01
6.812155991792678833e-02,2.515229582786560059e-01,2.113440930843353271e-01
6.881657987833023071e-02,2.543742656707763672e-01,2.148177921772003174e-01
6.613729894161224365e-02,2.497377991676330566e-01,2.076565921306610107e-01
6.764426827430725098e-02,2.510895431041717529e-01,2.083275467157363892e-01
7.053427398204803467e-02,2.533245682716369629e-01,2.112023383378982544e-01
6.657156348228454590e-02,2.419633269309997559e-01,2.008863389492034912e-01
6.892240047454833984e-02,2.435113191604614258e-01,2.016762942075729370e-01
6.929186731576919556e-02,2.415066659450531006e-01,2.026622146368026733e-01
7.052656263113021851e-02,2.443079054355621338e-01,2.054129987955093384e-01
7.078920304775238037e-02,2.444811463356018066e-01,2.041118443012237549e-01
6.946391612291336060e-02,2.400780022144317627e-01,2.014300525188446045e-01
6.489796191453933716e-02,2.415875196456909180e-01,2.041293680667877197e-01
6.937702000141143799e-02,2.414483129978179932e-01,2.021683752536773682e-01
7.017888873815536499e-02,2.418190836906433105e-01,2.038048058748245239e-01
7.382011413574218750e-02,2.452928423881530762e-01,2.090693265199661255e-01
7.165956497192382812e-02,2.465401887893676758e-01,2.091014087200164795e-01
7.427212595939636230e-02,2.466405034065246582e-01,2.066524177789688110e-01
7.412984222173690796e-02,2.511176764965057373e-01,2.088428437709808350e-01
7.547971606254577637e-02,2.479814887046813965e-01,2.062754631042480469e-01
7.767830789089202881e-02,2.514065504074096680e-01,2.093076258897781372e-01
7.934764772653579712e-02,2.536344230175018311e-01,2.144429534673690796e-01
7.650306820869445801e-02,2.513317167758941650e-01,2.109355628490447998e-01
8.322587609291076660e-02,2.533007264137268066e-01,2.167389094829559326e-01
8.184786140918731689e-02,2.559617161750793457e-01,2.166368961334228516e-01
8.307382464408874512e-02,2.580800056457519531e-01,2.234902828931808472e-01
8.297051489353179932e-02,2.529661357402801514e-01,2.211163341999053955e-01
8.163923770189285278e-02,2.492316365242004395e-01,2.108210176229476929e-01
7.897982001304626465e-02,2.519152462482452393e-01,2.211554944515228271e-01
8.109087496995925903e-02,2.495757043361663818e-01,2.149623334407806396e-01
7.826320827007293701e-02,2.474117577075958252e-01,2.155495733022689819e-01
7.677556574344635010e-02,2.449611127376556396e-01,2.099765688180923462e-01
7.640288770198822021e-02,2.371118962764739990e-01,2.007768005132675171e-01
7.544969767332077026e-02,2.372515499591827393e-01,2.014336138963699341e-01
7.997586578130722046e-02,2.377543747425079346e-01,2.001805305480957031e-01
7.662396878004074097e-02,2.384648919105529785e-01,1.976878046989440918e-01
7.669404149055480957e-02,2.384122014045715332e-01,2.010626792907714844e-01
7.544024288654327393e-02,2.390621304512023926e-01,1.986923217773437500e-01
7.498317956924438477e-02,2.388895452022552490e-01,1.987144351005554199e-01
7.455996423959732056e-02,2.374184429645538330e-01,1.973898410797119141e-01
7.755699753761291504e-02,2.426635026931762695e-01,2.035270929336547852e-01
7.564286142587661743e-02,2.460901439189910889e-01,2.054992318153381348e-01
8.260251581668853760e-02,2.457473278045654297e-01,2.117779850959777832e-01
8.275495469570159912e-02,2.503823637962341309e-01,2.170311957597732544e-01
7.527430355548858643e-02,2.449103295803070068e-01,2.050702571868896484e-01
7.617113739252090454e-02,2.484889328479766846e-01,2.091631889343261719e-01
7.800039649009704590e-02,2.454059123992919922e-01,2.041346579790115356e-01
8.018498867750167847e-02,2.474495172500610352e-01,2.072861343622207642e-01
7.876311242580413818e-02,2.413094639778137207e-01,2.029887437820434570e-01
8.429053425788879395e-02,2.463627159595489502e-01,2.123599648475646973e-01
8.132755756378173828e-02,2.426031231880187988e-01,2.104123830795288086e-01
8.287694305181503296e-02,2.388035953044891357e-01,2.090606540441513062e-01
8.395058661699295044e-02,2.344031929969787598e-01,2.048859596252441406e-01
8.360609412193298340e-02,2.341904640197753906e-01,2.024178504943847656e-01
7.917958498001098633e-02,2.290782034397125244e-01,1.935811340808868408e-01
7.830578088760375977e-02,2.296598851680755615e-01,1.975846439599990845e-01
7.697204500436782837e-02,2.345595359802246094e-01,2.003037631511688232e-01
7.094199955463409424e-02,2.271429896354675293e-01,1.890689283609390259e-01
7.083164155483245850e-02,2.324268817901611328e-01,1.936490088701248169e-01
7.061341404914855957e-02,2.296363115310668945e-01,1.900047063827514648e-01
7.109490036964416504e-02,2.269549965858459473e-01,1.827989220619201660e-01
6.953811645507812500e-02,2.313990890979766846e-01,1.877251118421554565e-01
7.287698984146118164e-02,2.312268763780593872e-01,1.887249052524566650e-01
7.317446172237396240e-02,2.285260856151580811e-01,1.902041137218475342e-01
6.594665348529815674e-02,2.273221909999847412e-01,1.883100122213363647e-01
6.993658095598220825e-02,2.167338132858276367e-01,1.701849550008773804e-01
6.997442245483398438e-02,2.093947231769561768e-01,1.504546552896499634e-01
7.669835537672042847e-02,2.100987732410430908e-01,1.509716212749481201e-01
7.907103002071380615e-02,2.117264568805694580e-01,1.510631591081619263e-01
7.841670513153076172e-02,2.112065851688385010e-01,1.490118503570556641e-01
7.839629054069519043e-02,2.087614089250564575e-01,1.498652696609497070e-01
7.538268715143203735e-02,2.080793827772140503e-01,1.496987342834472656e-01
7.334120571613311768e-02,2.053971737623214722e-01,1.480788588523864746e-01
7.961949706077575684e-02,2.070161700248718262e-01,1.537781208753585815e-01
8.505941927433013916e-02,2.122729420661926270e-01,1.532877385616302490e-01
8.141004294157028198e-02,2.067400366067886353e-01,1.526350677013397217e-01
8.584359288215637207e-02,2.114359736442565918e-01,1.560417860746383667e-01
8.396399766206741333e-02,2.102761715650558472e-01,1.537944674491882324e-01
7.753768563270568848e-02,2.186143398284912109e-01,1.627993583679199219e-01
7.656603306531906128e-02,2.150430381298065186e-01,1.567480564117431641e-01
7.174505293369293213e-02,2.123081386089324951e-01,1.544019579887390137e-01
8.534871041774749756e-02,2.171323597431182861e-01,1.622819900512695312e-01
8.118483424186706543e-02,2.138501703739166260e-01,1.581896245479583740e-01
7.920050621032714844e-02,2.129354476928710938e-01,1.544071435928344727e-01
8.066052198410034180e-02,2.125063091516494751e-01,1.546612679958343506e-01
8.244431763887405396e-02,2.109503895044326782e-01,1.546695232391357422e-01
7.794761657714843750e-02,2.084712088108062744e-01,1.506242603063583374e-01
7.496818155050277710e-02,2.089218199253082275e-01,1.521331816911697388e-01
7.302851974964141846e-02,2.045516669750213623e-01,1.486748605966567993e-01
6.885898113250732422e-02,2.028791457414627075e-01,1.462797224521636963e-01
7.256003469228744507e-02,2.053110897541046143e-01,1.479787975549697876e-01
7.045700401067733765e-02,2.043858766555786133e-01,1.482831835746765137e-01
6.751446425914764404e-02,2.008617222309112549e-01,1.438748240470886230e-01
6.824278086423873901e-02,2.009446918964385986e-01,1.444982886314392090e-01
7.163912057876586914e-02,2.019466310739517212e-01,1.444167345762252808e-01
7.590311020612716675e-02,2.026060819625854492e-01,1.458525806665420532e-01
8.053611963987350464e-02,2.039790749549865723e-01,1.503993272781372070e-01
8.368264138698577881e-02,2.013945579528808594e-01,1.502693146467208862e-01
8.450380712747573853e-02,2.010618299245834351e-01,1.501483619213104248e-01
8.395448327064514160e-02,2.016844451427459717e-01,1.548616141080856323e-01
8.618923276662826538e-02,2.001840472221374512e-01,1.592672914266586304e-01
8.530066907405853271e-02,1.986367255449295044e-01,1.557871550321578979e-01
8.523686975240707397e-02,1.996909081935882568e-01,1.573177129030227661e-01
8.441434055566787720e-02,1.994113624095916748e-01,1.555708944797515869e-01
8.773058652877807617e-02,1.992418169975280762e-01,1.594707518815994263e-01
8.756227791309356689e-02,1.996709108352661133e-01,1.594012230634689331e-01
8.919920772314071655e-02,2.007239162921905518e-01,1.598766595125198364e-01
8.498559147119522095e-02,2.014837563037872314e-01,1.559241563081741333e-01
7.265595346689224243e-02,1.964515447616577148e-01,1.447152793407440186e-01
6.133658811450004578e-02,1.948925852775573730e-01,1.347485184669494629e-01
6.527501344680786133e-02,1.948111951351165771e-01,1.360135525465011597e-01
6.452957540750503540e-02,1.943814903497695923e-01,1.359910070896148682e-01
6.415677815675735474e-02,1.927801072597503662e-01,1.351519376039505005e-01
6.596404314041137695e-02,1.937824487686157227e-01,1.351010352373123169e-01
6.322996318340301514e-02,1.927924752235412598e-01,1.338957399129867554e-01
6.129133701324462891e-02,1.926644146442413330e-01,1.317121684551239014e-01
6.279990822076797485e-02,1.923946738243103027e-01,1.340599209070205688e-01
6.306905299425125122e-02,1.917905360460281372e-01,1.339768469333648682e-01
6.584221124649047852e-02,1.931592524051666260e-01,1.364816874265670776e-01
6.716939806938171387e-02,1.933815181255340576e-01,1.380937695503234863e-01
6.622554361820220947e-02,1.928375959396362305e-01,1.370515823364257812e-01
6.181041896343231201e-02,1.922693550586700439e-01,1.325885355472564697e-01
6.665887683629989624e-02,1.940618604421615601e-01,1.375011801719665527e-01
6.266694515943527222e-02,1.916860938072204590e-01,1.333011090755462646e-01
6.780860573053359985e-02,1.933337301015853882e-01,1.380973905324935913e-01
6.625494360923767090e-02,1.926301717758178711e-01,1.378752589225769043e-01
6.109007820487022400e-02,1.921314299106597900e-01,1.313816308975219727e-01
6.212049722671508789e-02,1.920926272869110107e-01,1.342028528451919556e-01
6.398417055606842041e-02,1.928737908601760864e-01,1.354352235794067383e-01
6.433046609163284302e-02,1.933459639549255371e-01,1.358305513858795166e-01
6.226676702499389648e-02,1.931071281433105469e-01,1.364841163158416748e-01
6.358750909566879272e-02,1.933724582195281982e-01,1.378414779901504517e-01
6.488052755594253540e-02,1.939452588558197021e-01,1.380715221166610718e-01
6.654915958642959595e-02,1.942403912544250488e-01,1.400758028030395508e-01
6.471849977970123291e-02,1.949077844619750977e-01,1.402501463890075684e-01
6.638246029615402222e-02,1.944979727268218994e-01,1.403251290321350098e-01
6.296996772289276123e-02,1.945952475070953369e-01,1.384162902832031250e-01
6.972208619117736816e-02,1.953229606151580811e-01,1.451423615217208862e-01
7.276997715234756470e-02,1.950972974300384521e-01,1.470626145601272583e-01
7.556520402431488037e-02,1.987939476966857910e-01,1.534891575574874878e-01
7.573060691356658936e-02,1.989296525716781616e-01,1.581916660070419312e-01
7.461440563201904297e-02,1.983892619609832764e-01,1.558651626110076904e-01
7.575240731239318848e-02,1.994082629680633545e-01,1.585542559623718262e-01
7.522396743297576904e-02,1.988015621900558472e-01,1.552409082651138306e-01
7.238568365573883057e-02,2.002747058868408203e-01,1.588779538869857788e-01
7.388572394847869873e-02,2.003270089626312256e-01,1.596370786428451538e-01
7.033349573612213135e-02,1.992918550968170166e-01,1.559751629829406738e-01
7.394541800022125244e-02,2.021191418170928955e-01,1.624271124601364136e-01
7.617511600255966187e-02,2.026675641536712646e-01,1.660823822021484375e-01
7.487066835165023804e-02,2.021145522594451904e-01,1.655496954917907715e-01
7.805448770523071289e-02,2.064828872680664062e-01,1.709322929382324219e-01
7.758492231369018555e-02,2.094502449035644531e-01,1.770481914281845093e-01
7.969170808792114258e-02,2.093461155891418457e-01,1.751649081707000732e-01
6.720368564128875732e-02,2.058131545782089233e-01,1.625733673572540283e-01
7.044512778520584106e-02,2.037682384252548218e-01,1.605266928672790527e-01
6.237775087356567383e-02,2.028886079788208008e-01,1.556040346622467041e-01
5.859504640102386475e-02,2.013630270957946777e-01,1.484608054161071777e-01
6.033313274383544922e-02,2.019273340702056885e-01,1.517033278942108154e-01
5.924373120069503784e-02,2.025594413280487061e-01,1.521760374307632446e-01
5.677963793277740479e-02,2.020511776208877563e-01,1.492320001125335693e-01
5.484565719962120056e-02,2.007410526275634766e-01,1.475183814764022827e-01
5.340173467993736267e-02,2.018539309501647949e-01,1.493062376976013184e-01
6.001441180706024170e-02,2.049957811832427979e-01,1.564510613679885864e-01
6.025765836238861084e-02,2.066635489463806152e-01,1.616831719875335693e-01
5.890193581581115723e-02,2.040084451436996460e-01,1.557417809963226318e-01
6.450945883989334106e-02,2.047538608312606812e-01,1.602586805820465088e-01
6.032380089163780212e-02,2.026389539241790771e-01,1.547154337167739868e-01
6.196272373199462891e-02,2.028094679117202759e-01,1.559310704469680786e-01
5.553521215915679932e-02,2.000800371170043945e-01,1.465593427419662476e-01
5.576210841536521912e-02,2.016397416591644287e-01,1.488735973834991455e-01
5.696655809879302979e-02,1.998719871044158936e-01,1.467204838991165161e-01
5.577842891216278076e-02,2.000189423561096191e-01,1.467282474040985107e-01
5.853376165032386780e-02,1.997712999582290649e-01,1.459347456693649292e-01
5.904114991426467896e-02,1.963447630405426025e-01,1.406149566173553467e-01
6.443557143211364746e-02,1.998611986637115479e-01,1.489792168140411377e-01
6.680551171302795410e-02,2.007251083850860596e-01,1.508842110633850098e-01
6.636316329240798950e-02,2.002117335796356201e-01,1.479875147342681885e-01
6.439287215471267700e-02,2.002803236246109009e-01,1.447894871234893799e-01
6.995471566915512085e-02,2.006903588771820068e-01,1.498570740222930908e-01
7.995539903640747070e-02,2.058480232954025269e-01,1.582137346267700195e-01
7.194739580154418945e-02,2.010346949100494385e-01,1.497908979654312134e-01
7.948556542396545410e-02,2.017359286546707153e-01,1.556075811386108398e-01
7.860328257083892822e-02,2.003986835479736328e-01,1.561148464679718018e-01
7.822738587856292725e-02,2.013997733592987061e-01,1.572896838188171387e-01
7.740327715873718262e-02,2.002272009849548340e-01,1.598301827907562256e-01
8.593841642141342163e-02,2.056632786989212036e-01,1.653101146221160889e-01
8.579883724451065063e-02,2.079880386590957642e-01,1.712755560874938965e-01
8.954481780529022217e-02,2.115143835544586182e-01,1.767511069774627686e-01
7.543884962797164917e-02,2.052682340145111084e-01,1.694988012313842773e-01
7.716272771358489990e-02,2.022137343883514404e-01,1.701082885265350342e-01
7.540360838174819946e-02,2.060848921537399292e-01,1.765930950641632080e-01
7.231449335813522339e-02,2.057926356792449951e-01,1.805354952812194824e-01
7.004508376121520996e-02,2.050397694110870361e-01,1.781617403030395508e-01
7.058625668287277222e-02,2.070191204547882080e-01,1.778463125228881836e-01
6.583720445632934570e-02,2.078598439693450928e-01,1.763100922107696533e-01
6.455797702074050903e-02,2.089772522449493408e-01,1.806187629699707031e-01
6.323135644197463989e-02,2.086557000875473022e-01,1.796365529298782349e-01
6.301004439592361450e-02,2.115637362003326416e-01,1.853772699832916260e-01
6.298048794269561768e-02,2.097934484481811523e-01,1.830717474222183228e-01
6.638694554567337036e-02,2.131448090076446533e-01,1.921215057373046875e-01
6.206000968813896179e-02,2.133592367172241211e-01,1.906303018331527710e-01
6.478329002857208252e-02,2.128093093633651733e-01,1.941463649272918701e-01
6.585101783275604248e-02,2.131162881851196289e-01,1.935707330703735352e-01
6.717894971370697021e-02,2.142388820648193359e-01,1.953426599502563477e-01
6.611333787441253662e-02,2.130113840103149414e-01,1.890903115272521973e-01
6.740029901266098022e-02,2.108440995216369629e-01,1.857343763113021851e-01
6.633025407791137695e-02,2.122529745101928711e-01,1.855024099349975586e-01
7.065057009458541870e-02,2.123080790042877197e-01,1.922342330217361450e-01
6.862960755825042725e-02,2.094979882240295410e-01,1.857641935348510742e-01
6.505613774061203003e-02,2.106419503688812256e-01,1.785742938518524170e-01
6.163173541426658630e-02,2.093815803527832031e-01,1.738645732402801514e-01
6.389328837394714355e-02,2.105428874492645264e-01,1.722108423709869385e-01
6.465028971433639526e-02,2.105456441640853882e-01,1.742853224277496338e-01
6.889315694570541382e-02,2.055289000272750854e-01,1.699692308902740479e-01
7.012740522623062134e-02,2.053240239620208740e-01,1.708093136548995972e-01
6.814280897378921509e-02,2.101144790649414062e-01,1.737868338823318481e-01
7.044418901205062866e-02,2.095043957233428955e-01,1.773476600646972656e-01
6.586170941591262817e-02,2.091148197650909424e-01,1.690563410520553589e-01
6.991677731275558472e-02,2.116671800613403320e-01,1.771294921636581421e-01
7.138952612876892090e-02,2.110196053981781006e-01,1.775284409523010254e-01
7.143907248973846436e-02,2.135552167892456055e-01,1.740666180849075317e-01
6.096886843442916870e-02,2.106991410255432129e-01,1.624569445848464966e-01
6.017360091209411621e-02,2.084178030490875244e-01,1.570924222469329834e-01
5.741544067859649658e-02,2.093760669231414795e-01,1.568699777126312256e-01
5.586978793144226074e-02,2.062602043151855469e-01,1.523582339286804199e-01
5.385225266218185425e-02,2.085016965866088867e-01,1.543517559766769409e-01
5.404381826519966125e-02,2.064600884914398193e-01,1.500824540853500366e-01
5.356424674391746521e-02,2.070856690406799316e-01,1.546989381313323975e-01
5.398769304156303406e-02,2.074007391929626465e-01,1.560326367616653442e-01
5.784336477518081665e-02,2.066060900688171387e-01,1.527044475078582764e-01
5.781660601496696472e-02,2.087474167346954346e-01,1.557253450155258179e-01
5.523049831390380859e-02,2.073114514350891113e-01,1.548546254634857178e-01
6.054723635315895081e-02,2.113642692565917969e-01,1.615162193775177002e-01
6.279962509870529175e-02,2.119919508695602417e-01,1.635989248752593994e-01
5.936281755566596985e-02,2.104636430740356445e-01,1.601954102516174316e-01
5.770746245980262756e-02,2.073018252849578857e-01,1.530456691980361938e-01
6.494777649641036987e-02,2.100942432880401611e-01,1.624440848827362061e-01
6.502470374107360840e-02,2.133390605449676514e-01,1.681179404258728027e-01
7.039453089237213135e-02,2.149030268192291260e-01,1.691885441541671753e-01
7.244891673326492310e-02,2.210113108158111572e-01,1.772254705429077148e-01
7.380065321922302246e-02,2.200751900672912598e-01,1.755677461624145508e-01
7.104966789484024048e-02,2.179053127765655518e-01,1.709702610969543457e-01
7.010148465633392334e-02,2.198785543441772461e-01,1.738735735416412354e-01
7.428466528654098511e-02,2.163281142711639404e-01,1.722189486026763916e-01
7.611025869846343994e-02,2.189883887767791748e-01,1.749406754970550537e-01
7.608199119567871094e-02,2.181340456008911133e-01,1.750414073467254639e-01
7.528748363256454468e-02,2.190921604633331299e-01,1.752740740776062012e-01
7.297907024621963501e-02,2.177468240261077881e-01,1.708909273147583008e-01
7.618072628974914551e-02,2.164030075073242188e-01,1.697496026754379272e-01
7.315894961357116699e-02,2.176202088594436646e-01,1.698409616947174072e-01
7.396193593740463257e-02,2.161348462104797363e-01,1.607082784175872803e-01
7.690938562154769897e-02,2.169439792633056641e-01,1.595709621906280518e-01
7.596801966428756714e-02,2.133247554302215576e-01,1.560090631246566772e-01
7.287991046905517578e-02,2.117076814174652100e-01,1.515907496213912964e-01
7.604037225246429443e-02,2.157977223396301270e-01,1.560794562101364136e-01
7.864297926425933838e-02,2.216392755508422852e-01,1.621976941823959351e-01
8.005734533071517944e-02,2.252365648746490479e-01,1.687023639678955078e-01
8.045890927314758301e-02,2.274875640869140625e-01,1.729632914066314697e-01
8.321133255958557129e-02,2.356960475444793701e-01,1.837602555751800537e-01
8.512214571237564087e-02,2.337614893913269043e-01,1.754834651947021484e-01
8.086797595024108887e-02,2.311417013406753540e-01,1.801661849021911621e-01
7.480607926845550537e-02,2.334818243980407715e-01,1.876664310693740845e-01
7.462423294782638550e-02,2.394053936004638672e-01,1.973960399627685547e-01
7.682939618825912476e-02,2.457845509052276611e-01,2.077245116233825684e-01
7.282727956771850586e-02,2.556600868701934814e-01,2.201538681983947754e-01
6.981672346591949463e-02,2.545673251152038574e-01,2.213733941316604614e-01
6.731376051902770996e-02,2.513063848018646240e-01,2.164796441793441772e-01
6.432822346687316895e-02,2.481361925601959229e-01,2.100760042667388916e-01
6.412642449140548706e-02,2.497899830341339111e-01,2.123712003231048584e-01
6.148765981197357178e-02,2.463811933994293213e-01,2.069199979305267334e-01
5.380704253911972046e-02,2.433092296123504639e-01,2.103281021118164062e-01
5.578243359923362732e-02,2.490164637565612793e-01,2.159779965877532959e-01
6.006234139204025269e-02,2.558290362358093262e-01,2.246051579713821411e-01
6.202470138669013977e-02,2.543853223323822021e-01,2.205352634191513062e-01
6.431782245635986328e-02,2.596370279788970947e-01,2.229846715927124023e-01
6.495270878076553345e-02,2.579973042011260986e-01,2.176333069801330566e-01
6.637450307607650757e-02,2.600930035114288330e-01,2.144052982330322266e-01
7.590632885694503784e-02,2.678464353084564209e-01,2.163336575031280518e-01
8.433851599693298340e-02,2.709353864192962646e-01,2.179577946662902832e-01
8.601479977369308472e-02,2.773676812648773193e-01,2.204982936382293701e-01
8.143290877342224121e-02,2.673220634460449219e-01,2.155077010393142700e-01
8.330151438713073730e-02,2.619399726390838623e-01,2.057769894599914551e-01
7.855851948261260986e-02,2.476389408111572266e-01,1.909975856542587280e-01
7.940073311328887939e-02,2.469179034233093262e-01,1.936889886856079102e-01
7.351681590080261230e-02,2.365218102931976318e-01,1.844619959592819214e-01
6.684266030788421631e-02,2.362872958183288574e-01,1.816278696060180664e-01
5.850218981504440308e-02,2.186988592147827148e-01,1.610656827688217163e-01
5.843198671936988831e-02,2.125129699707031250e-01,1.531070619821548462e-01
5.764237418770790100e-02,2.130180895328521729e-01,1.520767062902450562e-01
5.543925613164901733e-02,2.127640247344970703e-01,1.542881131172180176e-01
5.328938364982604980e-02,2.146748006343841553e-01,1.577153801918029785e-01
5.270655825734138489e-02,2.277167141437530518e-01,1.783725172281265259e-01
5.433924496173858643e-02,2.329428195953369141e-01,1.867006272077560425e-01
5.088381096720695496e-02,2.372096180915832520e-01,2.007490396499633789e-01
5.223261937499046326e-02,2.411220967769622803e-01,2.049776613712310791e-01
5.035823583602905273e-02,2.517305910587310791e-01,2.206043899059295654e-01
4.932969808578491211e-02,2.498095929622650146e-01,2.154511809349060059e-01
4.691882058978080750e-02,2.417527437210083008e-01,2.055717408657073975e-01
4.566413536667823792e-02,2.464895844459533691e-01,2.101554125547409058e-01
4.307164624333381653e-02,2.616429626941680908e-01,2.256367653608322144e-01
4.138327762484550476e-02,2.563541233539581299e-01,2.221999168395996094e-01
3.064789809286594391e-02,2.474345862865447998e-01,2.082360684871673584e-01
3.322098404169082642e-02,2.558270990848541260e-01,2.184750288724899292e-01
3.293425962328910828e-02,2.494631707668304443e-01,2.128495872020721436e-01
3.900608792901039124e-02,2.574310600757598877e-01,2.205925285816192627e-01
4.556484892964363098e-02,2.753415107727050781e-01,2.345191538333892822e-01
4.898998141288757324e-02,2.874144911766052246e-01,2.452424168586730957e-01
5.157547444105148315e-02,2.944930493831634521e-01,2.499723881483078003e-01
5.436030775308609009e-02,3.051023483276367188e-01,2.593889832496643066e-01
5.063138902187347412e-02,2.992091774940490723e-01,2.571938037872314453e-01
5.025178939104080200e-02,3.043054640293121338e-01,2.632452249526977539e-01
5.253727734088897705e-02,3.085606992244720459e-01,2.660885453224182129e-01
5.362878739833831787e-02,3.173424899578094482e-01,2.730866074562072754e-01
5.580410733819007874e-02,3.154421150684356689e-01,2.677534222602844238e-01
5.162812024354934692e-02,2.927027344703674316e-01,2.504155039787292480e-01
4.831640422344207764e-02,2.838735580444335938e-01,2.432858943939208984e-01
4.872367531061172485e-02,2.712207436561584473e-01,2.245809137821197510e-01
5.251535400748252869e-02,2.794381082057952881e-01,2.259594202041625977e-01
4.864640906453132629e-02,2.693988978862762451e-01,2.083303928375244141e-01
4.514992982149124146e-02,2.651059627532958984e-01,2.011625021696090698e-01
4.361565411090850830e-02,2.618334293365478516e-01,1.979281902313232422e-01
3.624019771814346313e-02,2.512225210666656494e-01,1.939658075571060181e-01
3.556798025965690613e-02,2.514545917510986328e-01,2.016900926828384399e-01
3.694622218608856201e-02,2.575116157531738281e-01,2.136131823062896729e-01
3.945295512676239014e-02,2.660250067710876465e-01,2.258893847465515137e-01
4.660353809595108032e-02,2.778671085834503174e-01,2.352568507194519043e-01
4.521176218986511230e-02,2.918818295001983643e-01,2.537840306758880615e-01
4.690724611282348633e-02,3.046364486217498779e-01,2.602975666522979736e-01
3.821583464741706848e-02,2.916898727416992188e-01,2.522415518760681152e-01
4.066081717610359192e-02,2.925023138523101807e-01,2.545342147350311279e-01
3.024983778595924377e-02,3.511852920055389404e-01,3.015461862087249756e-01
3.036824055016040802e-02,3.521659076213836670e-01,3.026532530784606934e-01
2.967128157615661621e-02,3.472157716751098633e-01,2.987623810768127441e-01
2.422434464097023010e-02,3.344040513038635254e-01,2.834318578243255615e-01
9.194221347570419312e-03,3.337599337100982666e-01,2.831635177135467529e-01
6.165686994791030884e-03,3.315331637859344482e-01,2.837765216827392578e-01
9.085748344659805298e-03,3.477805256843566895e-01,2.978183031082153320e-01
-5.783472210168838501e-03,2.982208728790283203e-01,2.536052465438842773e-01
-6.520476192235946655e-03,2.962023615837097168e-01,2.514054179191589355e-01
-9.806532412767410278e-03,2.868281304836273193e-01,2.423462867736816406e-01
-1.068666949868202209e-02,2.683838009834289551e-01,2.231421172618865967e-01
-3.517311066389083862e-03,2.701754868030548096e-01,2.246826142072677612e-01
-3.137785941362380981e-03,2.723919451236724854e-01,2.267263233661651611e-01
-4.807915538549423218e-03,2.508404254913330078e-01,2.064385414123535156e-01
-4.664596170186996460e-03,2.506811320781707764e-01,2.062818109989166260e-01
-9.991284459829330444e-03,2.433847188949584961e-01,2.038149237632751465e-01
-9.801078587770462036e-03,2.424944341182708740e-01,2.031972706317901611e-01
-9.747084230184555054e-03,2.417532801628112793e-01,2.026812583208084106e-01
-1.010848954319953918e-02,2.444509565830230713e-01,2.047041654586791992e-01
-9.642425924539566040e-03,2.427084147930145264e-01,2.035092413425445557e-01
-5.936559289693832397e-03,2.238324880599975586e-01,1.910174190998077393e-01
-9.620469063520431519e-03,2.413574457168579102e-01,1.985035836696624756e-01
-9.680341929197311401e-03,2.410039305686950684e-01,1.982748657464981079e-01
-9.609039872884750366e-03,2.403495609760284424e-01,1.977854073047637939e-01
-9.653497487306594849e-03,2.406675517559051514e-01,1.980349123477935791e-01
-9.667295962572097778e-03,2.407754659652709961e-01,1.980889588594436646e-01
