3.977423438401107014e-01
3.759918317517538244e-01
3.572463185125248630e-01
3.280470131912273102e-01
3.135339760703732548e-01
3.100937182005927273e-01
2.985274936140036584e-01
2.832868522391144839e-01
2.681341001619581554e-01
2.512765792776130991e-01
2.346486495996790156e-01
2.334132018521627716e-01
2.210903154272577664e-01
2.154141298964726003e-01
2.075364255071872610e-01
2.035199761642911553e-01
2.025466089702289696e-01
1.942961115643163650e-01
1.934097286451854081e-01
1.897792423063848766e-01
1.900776738367916940e-01
1.984696207015868019e-01
1.851096461535004511e-01
1.807464023862416780e-01
1.813080726900347939e-01
1.826932674085409158e-01
1.750444113745807939e-01
1.734016017287551559e-01
1.741266663886659738e-01
1.720066965864086028e-01
1.695516882397876124e-01
1.726429812746187731e-01
1.682989048589762227e-01
1.688307892257036313e-01
1.710372188231216450e-01
1.686295593861978359e-01
1.662381326654340241e-01
1.644827332506731965e-01
1.615513084955083056e-01
1.622866709846453037e-01
1.609179587416883772e-01
1.617518715626412029e-01
1.632558581840467815e-01
1.607782688085566403e-01
1.634826344780839491e-01
1.625035295440862837e-01
1.612118874286729009e-01
1.589724169509106888e-01
1.606436211453197149e-01
1.591886390797836448e-01
1.562254114795951221e-01
1.553373180598957015e-01
1.546470288450876307e-01
1.557750582330681421e-01
1.579345169228807133e-01
1.596979741046499757e-01
1.613413783302782567e-01
1.568346173773924601e-01
1.543866689559593441e-01
1.536707117699332437e-01
1.528049555983945762e-01
1.558379523106367126e-01
1.525093760481823213e-01
1.531775444430735489e-01
1.538383816301369666e-01
1.520815226699330502e-01
1.520514189659843973e-01
1.525459721510467048e-01
1.523627175142114598e-01
1.500457660240697710e-01
1.532201657109514281e-01
1.515410115152548420e-01
1.519131389552453304e-01
1.505281748643499395e-01
1.510503955904139439e-01
1.507440512760073459e-01
1.503080760093983836e-01
1.497050111135544426e-01
1.535402583007238475e-01
1.488250055037343700e-01
1.504092998577877538e-01
1.500049882824074643e-01
1.488833795491734113e-01
1.499367909655284492e-01
1.488654944751154618e-01
1.493965313638436487e-01
1.487780432652160423e-01
1.471751193418817383e-01
1.482486778661642468e-01
1.478621739409259617e-01
1.507754722327967756e-01
1.462949240584142108e-01
1.464153790808370437e-01
1.489120056221696353e-01
1.479458062684832209e-01
1.472985657972281093e-01
1.460694088176185956e-01
1.454130033276763156e-01
1.460877680010616575e-01
1.452450819144791849e-01
1.459316163682963796e-01
1.448938961490905952e-01
1.462194279680505415e-01
1.438002915565856077e-01
1.454170647949907524e-01
1.460019597326379925e-01
1.442051446509766688e-01
1.439886222428620188e-01
1.456983097107206193e-01
1.428627170801592405e-01
